 x(m) y(m) z(m) time(s) chi2
        228.1528433008294        1219.067757881185        9959.978803236618        70523.77594510300       0.8600000143051147
       -335.9637150355933        1112.195368338044        9509.993611164198        70523.77608273500        2.130000114440918
       -396.6609107509298        1128.246277792124        9201.987303599162        70523.77637839300       0.6100000143051147
        67.17231714940611        794.8033616270227        9633.950023238775        70523.77653029699        1.350000023841858
        274.0531254714609        840.1814369725985        9864.038286804098        70523.77671645400        1.149999976158142
       -86.74279420416433        991.8397076848140        9509.021741681945        70523.77691301600        1.279999971389771
       -291.4798279923597        1483.870035724967        9647.020585293289        70523.77703539201        1.610000014305115
        400.4228988944205        941.8660046337270        9663.017385700859        70523.77714524700        1.799999952316284
        5.039875937978330        1119.842043105062        9651.001096506579        70523.77736738100       0.3199999928474426
       -366.3180136509486        1285.950068593960        9553.959211761796        70523.77751906900       0.8899999856948853
       -661.4344273689562        1271.145688016275        9612.039056302456        70523.77783185701        1.129999995231628
        211.2118005574834        802.0314697496474        9807.045591998813        70523.77790433200        1.049999952316284
        317.1155184301076        1255.097834973722        9983.968008565966        70523.77819653301        1.070000052452087
        324.1803350436204        847.8019296051201        9794.034930917675        70523.77847427300        1.480000019073486
        174.5086853242176        1306.924304239162        10600.96307356297        70523.77871153000        1.549999952316284
       -758.8181930675306        1318.966332428957        9259.018501521561        70523.77909276600        1.889999985694885
       -744.7341509396575        1366.073463762400        9594.010230898901        70523.77918385700        1.279999971389771
       -800.5286403432229        1394.934471580368        9775.997235397832        70523.77937781801        1.610000014305115
        273.3649532107190        1276.829167596909        10576.96571894090        70523.77951757101       0.9300000071525574
        362.2985111246745        1236.858602569150        9893.969176713965        70523.77999246000        3.400000095367432
       -751.8027845303499        1350.831554812023        9657.012658619664        70523.78022877801       0.4099999964237213
       -887.3519535322200        1413.140323177505        9664.981757013244        70523.78050884799        1.960000038146973
        264.1546936670551        1313.978283070746        9857.958530598878        70523.78107250801        1.649999976158142
        328.4076352421006        1244.907678112697        9884.969437703810        70523.78119278600        4.949999809265137
       -1175.388005616443        1416.968741374650        9589.034054603395        70523.78192914600       0.1899999976158142
       -1010.878098895205        1492.798580204298        9561.044843711588        70523.78208773400        1.779999971389771
       -1264.315262042432        1564.866129752095        9544.982444641715        70523.78271519700       0.9900000095367432
       -1190.938572838524        1402.158451998790        9679.034460853549        70523.78296464300        1.700000047683716
       -1260.685611878722        1396.916857954317        8926.022210232071        70523.78326322400       0.2300000041723251
       -1200.851475220589        1582.757918371337        9953.990273844271        70523.78522504000       0.6999999880790710
       -1396.988726915059        1424.967193807096        9216.987677395891        70523.78531315400       0.8799999952316284
       -1166.958788195747        1725.170476788551        10030.95954826797        70523.78622695799        1.309999942779541
       -1355.474313780222        1892.217484358733        10177.97549876331        70523.78834150500       0.4199999868869781
       -1334.379168351796        1832.139605951873        10547.99753384092        70523.78845537599       0.3799999952316284
       -1299.732090347675        1778.229284382296        10268.01993967989        70523.78866197199        1.720000028610229
       -1386.517036950733        1965.948694593191        10124.04610489933        70523.78938564500      0.07000000029802322
       -1339.951356580695        1892.228951937727        10223.97876978015        70523.78981330201       0.4099999964237213
       -1365.393040257185        1781.204115597684        10264.00542576569        70523.79010199499        1.659999966621399
       -1346.301452512266        1996.080366700357        10274.04533114937        70523.79027224700       0.3799999952316284
       -1363.289433659218        1732.050436644250        10299.01944084094        70523.79042881601       0.5899999737739563
       -1446.474141260959        1995.131511771657        9904.023727971200        70523.79057724500       0.8000000119209290
       -1536.863653801026        1991.784466180860        9997.003698669305        70523.79143530600        1.039999961853027
       -1313.840644614610        1759.139229456631        10195.02235652621        70523.79207430199       0.3199999928474426
       -1347.653029118060        2007.859490060889        9995.041321909044        70523.79249046100       0.9200000166893005
       -1521.339849702853        2034.182142209834        10059.99400781816        70523.79289980599       0.3499999940395355
       -1600.338131769119        2391.865755266166        10004.94997668060        70523.79486643701        1.440000057220459
       -1397.795923651023        2427.990723639895        10355.98381338502        70523.79540097799        1.600000023841858
       -1583.427945180609        2332.988995312227        10098.97604672703        70523.79550023000       0.2500000000000000
       -1512.762479452543        2254.030308162101        9763.021572292399        70523.79574334899        1.080000042915344
       -1455.611893945408        2485.099454219805        10058.04943235083        70523.79673614699        1.000000000000000
       -1510.641279729695        2585.091081528835        9971.996837570590        70523.79710133800       0.2399999946355820
       -1501.498498792211        2387.180658923347        9985.975704858991        70523.79734924500        1.799999952316284
       -1432.335004109848        2371.097225126481        10070.99758983106        70523.79780478800        1.149999976158142
       -1385.722707753822        2652.118521046667        10178.99757572720        70523.79803955600       0.2199999988079071
       -1363.798283249914        2686.800057448223        10017.98772685103        70523.79856823600       0.4799999892711639
       -1341.945596703059        2744.092152438350        10207.96793123147        70523.80014396099       0.3700000047683716
       -1248.006294482351        2695.227562377121        9941.007801791988        70523.80170434499        1.909999966621399
       -1246.647985936822        2792.002260879609        10280.96639350093        70523.80220208800       0.5099999904632568
       -1154.871740074377        2847.951868710819        10318.95884443878        70523.80280328600       0.2199999988079071
       -1287.465819310940        2792.151677155541        9642.958166450822        70523.80371262200       0.4699999988079071
       -1335.621326736632        2814.103881105298        10396.03832119803        70523.80422015399        1.600000023841858
       -1328.548944538526        2851.807861117390        10361.02301067735        70523.80432750100        4.820000171661377
       -1301.742587907584        2921.803694919378        10509.99679957700        70523.80447486301       0.5899999737739563
       -1123.853833085290        2792.946870449638        10536.98876604305        70523.80479718500       0.9800000190734863
       -1212.742823830466        3040.813650961446        10350.95853936476        70523.80581119801       0.8100000023841858
       -1267.814501126876        3014.127472195232        10366.96055254629        70523.80723838101        1.879999995231628
       -1172.516620236289        3078.153083489069        10450.04869428702        70523.80796192501        4.969999790191650
       -1204.963526816597        3059.855930845089        10290.95087715654        70523.80854141200       0.7099999785423279
       -1268.625835401279        3066.106948104916        10933.03623030241        70523.80877048300        3.730000019073486
       -1268.425739598178        2976.171892895636        9863.978224979421        70523.80885702700        1.139999985694885
       -1232.580353600753        3136.812996760458        10782.00881165839        70523.80922189800       0.2500000000000000
       -1129.378796787116        3100.838919353468        10048.04539375978        70523.81078471401        1.259999990463257
       -1230.433686830317        3104.092628201912        10611.02523982406        70523.81119067300       0.4099999964237213
       -953.5221617511588        3104.791278755358        9501.971449716177        70523.81131693700        1.139999985694885
       -937.3965998293794        3278.131050446759        10363.98762793544        70523.81297346699        1.200000047683716
       -993.8726311679861        3189.104855603230        10307.02431538533        70523.81323942900      0.07999999821186066
       -988.9117348801251        3354.811895967151        10294.03951850063        70523.81377034901       0.3899999856948853
       -1100.454931152945        3222.140811726119        10239.99021739829        70523.81395075801       0.2899999916553497
       -886.5795634082843        3151.823102068497        10357.95807902658        70523.81539824800        1.799999952316284
       -893.5341790753946        3045.897933154217        9536.008573718897        70523.81627857400        1.850000023841858
       -1049.709446191849        3007.850697641716        10594.00306889745        70523.81655577901       0.8299999833106995
       -911.3508968520566        3037.990656689037        10723.00998554444        70523.81713756701       0.2500000000000000
       -837.9172109058593        3157.089556140793        10730.96207941225        70523.81845589900       0.4499999880790710
       -809.7115504741532        3219.126517605323        11042.03527305272        70523.81873075900        4.119999885559082
       -793.4392700582290        3143.092756424088        10718.97467642685        70523.81897864200       0.7400000095367432
        111.6468698615167        1199.914474653470        9533.985530357217        70523.83772032300     0.009999999776482582
        132.1068301114704        1354.042042674213        8947.954204663572        70523.84011412199        1.590000033378601
       -768.7462476174463        1361.851339417319        9658.008295908474        70523.85681728300       0.2700000107288361
