-1.106932596268411089e+03 1.968985690981652112e+02 8.919000743188957131e+03
-1.021541149644363031e+03 2.947836319939272016e+02 9.212011179519568032e+03
-1.187524211354038016e+03 2.982091344087351104e+02 9.557982353637617052e+03
-1.089368802800348021e+03 5.439929050127569781e+02 9.660983570012575001e+03
-1.073824532947842044e+03 5.600900035893172344e+02 9.607984802196011515e+03
-9.926290757978567854e+02 5.338066919863885005e+02 9.602000180413846465e+03
-1.035710286930416942e+03 7.080029217544912399e+02 9.788976358337602505e+03
-9.509772176754952397e+02 5.931381373795305763e+02 9.682001259317115910e+03
-1.013846328231323014e+03 7.508243930965927575e+02 9.970974958616969161e+03
-1.113414793157953909e+03 9.678510159294773985e+02 1.017402968979967045e+04
-1.123285073321749906e+03 9.941178809855462077e+02 1.010602391386698037e+04
-1.037873688860556967e+03 1.019140147422186033e+03 1.027703439366562998e+04
-1.088673898567910101e+03 9.809627293572991675e+02 1.002103193839800042e+04
-1.146599357277636045e+03 1.020835429398892984e+03 1.019901555020082924e+04
-1.133837837189450056e+03 1.110218049092058891e+03 9.967002856694698494e+03
-1.109833292351896034e+03 1.113183719835451939e+03 9.978006550187714311e+03
-1.083710221772025079e+03 1.119963589737541042e+03 9.990009841626892012e+03
-1.242627421739043029e+03 8.530017951727872969e+02 1.008202231120472970e+04
-1.262449428244369074e+03 7.102002953525411613e+02 1.024603596729970013e+04
-1.133807442098258889e+03 1.144942856620976045e+03 9.818996706071753579e+03
-1.022313548876006053e+03 1.127196424598964086e+03 1.018801868054619990e+04
-1.101340829305748002e+03 1.141983996841270027e+03 9.883002913697449912e+03
-1.132338865590837031e+03 1.127084975829478026e+03 9.488000143062734423e+03
-1.124760985583749971e+03 8.229319362067869861e+02 1.035304809319601918e+04
-1.075283887518337906e+03 1.058974603042483977e+03 1.022502170927040970e+04
-1.132478661796310917e+03 1.214118753819984931e+03 1.033598414007820065e+04
-1.305381432348468934e+03 1.311118505472074048e+03 9.958031538308339805e+03
-1.052003879492073111e+03 1.034832740711138058e+03 1.033702955471154928e+04
-1.343494501565342944e+03 1.362820907443036958e+03 9.929012783766562279e+03
-1.331506979150424058e+03 1.395896100951438939e+03 1.002400812798751031e+04
-1.240406271573885078e+03 1.323805204578935900e+03 9.869041842326452752e+03
-1.297609852718399907e+03 1.420891922129884961e+03 1.000700956476316060e+04
-1.275716354690646085e+03 1.528968245390851962e+03 1.004898892934362993e+04
-1.144394141746653986e+03 1.570916694932310065e+03 1.008400356592798926e+04
-1.142915009795468904e+03 1.602189061023719887e+03 9.729996019123551378e+03
-1.019970583752147945e+03 1.518102271351704076e+03 9.043037393605894977e+03
-1.143675657741051964e+03 1.639991062439640928e+03 1.006098627183204917e+04
-1.093599794216208011e+03 1.626923374765234030e+03 1.035899839889661052e+04
-1.175477811245470093e+03 1.523045970741658039e+03 1.014900956470570964e+04
-1.045567679829247027e+03 1.564152158434088051e+03 1.019702215843130944e+04
-1.071696354773446956e+03 1.567129153292248930e+03 1.022701710221124085e+04
-1.042766852402693075e+03 1.559100374705011973e+03 1.033702386113017019e+04
-1.060245411445245963e+03 1.405001216954784013e+03 9.188957211203512998e+03
-1.425294366401240950e+03 1.336882820989522997e+03 9.460000553517449589e+03
-1.451388530853532075e+03 1.358899893247606997e+03 9.353990016102010486e+03
-1.114850867333314909e+03 1.065785655795242064e+03 1.037701380165754927e+04
-1.059705260336420906e+03 1.086901961151924070e+03 9.975019595425854277e+03
-8.613371882526582795e+02 1.121260807768313043e+03 1.026604343857306048e+04
-1.123360102072037989e+03 1.048865447353603031e+03 1.057001512859169088e+04
-1.081665435430230900e+03 1.051795749261912079e+03 1.037802182756860020e+04
-1.136758246652869047e+03 9.500874220656928628e+02 1.040002826510393061e+04
-1.157966263624935891e+03 1.053113611236238057e+03 1.060400825600413918e+04
-1.171371397644435092e+03 1.033182430189335037e+03 1.052800907850847034e+04
-1.130428452451224075e+03 1.153150371046830969e+03 1.067999585024852058e+04
-1.134634153627906926e+03 9.890782879791826190e+02 1.039402270336496986e+04
-1.450342496543577909e+03 8.730266293273435849e+02 1.063997588020449984e+04
-1.016748406595674965e+03 9.068669763015155922e+02 1.056495419271126048e+04
-1.384607734763877943e+03 9.819112045693264008e+02 1.042497457843087977e+04
-1.487757055863756932e+03 8.030861662224659767e+02 1.054297648995603049e+04
-1.351466635740102902e+03 7.538947562145283428e+02 1.049201275720802914e+04
-1.410803263504890083e+03 7.017782600873240426e+02 1.054900590327326972e+04
-1.244883789657101943e+03 6.729469559751331644e+02 1.067004346849326066e+04
-1.154495072274598897e+03 8.297727195559604070e+02 1.078304191717936919e+04
-1.280911816269122028e+03 7.128035405782283078e+02 1.076303201862933020e+04
-1.419697096628654890e+03 6.541741769568941436e+02 9.228008965478169557e+03
-1.523776818815418892e+03 7.111154391460443094e+02 1.050697894609586001e+04
-1.407249030997030104e+03 7.767899500020812411e+02 1.049299797334039067e+04
-1.539324042071661097e+03 6.021904463291994034e+02 1.048298645788384056e+04
-1.489869608447153951e+03 6.788909179770247420e+02 1.043399045084646968e+04
-1.458002795031228970e+03 5.080422387940986937e+02 9.923013708159049202e+03
-1.515337832024913951e+03 6.310187526556327384e+02 1.059998939780219916e+04
