 x(m) y(m) z(m) time(s) chi2
       -1106.932596268411        196.8985690981652        8919.000743188957        77721.54119484000       0.1599999964237213
       -1021.541149644363        294.7836319939272        9212.011179519568        77721.54128604999       0.2099999934434891
       -1187.524211354038        298.2091344087351        9557.982353637617        77721.54167794800        1.340000033378601
       -1089.368802800348        543.9929050127570        9660.983570012575        77721.54213734499       0.3899999856948853
       -1073.824532947842        560.0900035893172        9607.984802196012        77721.54258469099       0.3700000047683716
       -992.6290757978568        533.8066919863885        9602.000180413846        77721.54317009600        1.039999961853027
       -1035.710286930417        708.0029217544912        9788.976358337603        77721.54336454799        1.779999971389771
       -950.9772176754952        593.1381373795306        9682.001259317116        77721.54353691000        1.090000033378601
       -1013.846328231323        750.8243930965928        9970.974958616969        77721.54403804900        1.940000057220459
       -1113.414793157954        967.8510159294774        10174.02968979967        77721.54577125800       0.7200000286102295
       -1123.285073321750        994.1178809855462        10106.02391386698        77721.54635099100       0.5299999713897705
       -1037.873688860557        1019.140147422186        10277.03439366563        77721.54660981800        1.649999976158142
       -1088.673898567910        980.9627293572992        10021.03193839800        77721.54673983200       0.2899999916553497
       -1146.599357277636        1020.835429398893        10199.01555020083        77721.54696103701      0.09000000357627869
       -1133.837837189450        1110.218049092059        9967.002856694698        77721.54721027300       0.5000000000000000
       -1109.833292351896        1113.183719835452        9978.006550187714        77721.54754083500       0.9499999880790710
       -1083.710221772025        1119.963589737541        9990.009841626892        77721.54766590599       0.3300000131130219
       -1242.627421739043        853.0017951727873        10082.02231120473        77721.54793457400        3.279999971389771
       -1262.449428244369        710.2002953525412        10246.03596729970        77721.54844583099        2.490000009536743
       -1133.807442098259        1144.942856620976        9818.996706071754        77721.54856851599       0.6899999976158142
       -1022.313548876006        1127.196424598964        10188.01868054620        77721.54869995800      0.07999999821186066
       -1101.340829305748        1141.983996841270        9883.002913697450        77721.54893695800        1.450000047683716
       -1132.338865590837        1127.084975829478        9488.000143062734        77721.54925223200      0.02999999932944775
       -1124.760985583750        822.9319362067870        10353.04809319602        77721.54936537900        1.580000042915344
       -1075.283887518338        1058.974603042484        10225.02170927041        77721.54969818200       0.2300000041723251
       -1132.478661796311        1214.118753819985        10335.98414007820        77721.54996675500       0.6100000143051147
       -1305.381432348469        1311.118505472074        9958.031538308340        77721.55011358000       0.6399999856948853
       -1052.003879492073        1034.832740711138        10337.02955471155        77721.55173349701       0.4099999964237213
       -1343.494501565343        1362.820907443037        9929.012783766562        77721.55248011700       0.5400000214576721
       -1331.506979150424        1395.896100951439        10024.00812798751        77721.55356934899        1.220000028610229
       -1240.406271573885        1323.805204578936        9869.041842326453        77721.55404519300        1.240000009536743
       -1297.609852718400        1420.891922129885        10007.00956476316        77721.55422726300        1.970000028610229
       -1275.716354690646        1528.968245390852        10048.98892934363        77721.55526002000        1.909999966621399
       -1144.394141746654        1570.916694932310        10084.00356592799        77721.55592717900       0.9800000190734863
       -1142.915009795469        1602.189061023720        9729.996019123551        77721.55769715999       0.5000000000000000
       -1019.970583752148        1518.102271351704        9043.037393605895        77721.55866376399        1.490000009536743
       -1143.675657741052        1639.991062439641        10060.98627183205        77721.55907940200        1.649999976158142
       -1093.599794216208        1626.923374765234        10358.99839889661        77721.55973036400        1.690000057220459
       -1175.477811245470        1523.045970741658        10149.00956470571        77721.55991151600        3.569999933242798
       -1045.567679829247        1564.152158434088        10197.02215843131        77721.56186171999       0.6200000047683716
       -1071.696354773447        1567.129153292249        10227.01710221124        77721.56202136500       0.6600000262260437
       -1042.766852402693        1559.100374705012        10337.02386113017        77721.56213444901        1.730000019073486
       -1060.245411445246        1405.001216954784        9188.957211203513        77721.56326190900        1.970000028610229
       -1425.294366401241        1336.882820989523        9460.000553517450        77721.56590688000      0.07999999821186066
       -1451.388530853532        1358.899893247607        9353.990016102010        77721.56622603501        1.350000023841858
       -1114.850867333315        1065.785655795242        10377.01380165755        77721.58704680200       0.1899999976158142
       -1059.705260336421        1086.901961151924        9975.019595425854        77721.58714734401       0.6000000238418579
       -861.3371882526583        1121.260807768313        10266.04343857306        77721.58820025199       0.2199999988079071
       -1123.360102072038        1048.865447353603        10570.01512859169        77721.58880215599       0.3400000035762787
       -1081.665435430231        1051.795749261912        10378.02182756860        77721.58950285400        1.799999952316284
       -1136.758246652869        950.0874220656929        10400.02826510393        77721.58996154500        3.279999971389771
       -1157.966263624936        1053.113611236238        10604.00825600414        77721.59007803400       0.9200000166893005
       -1171.371397644435        1033.182430189335        10528.00907850847        77721.59032473101       0.3499999940395355
       -1130.428452451224        1153.150371046831        10679.99585024852        77721.59052344500        1.279999971389771
       -1134.634153627907        989.0782879791826        10394.02270336497        77721.59064758501        3.660000085830688
       -1450.342496543578        873.0266293273436        10639.97588020450        77721.59314397300        1.429999947547913
       -1016.748406595675        906.8669763015156        10564.95419271126        77721.59356986100       0.9100000262260437
       -1384.607734763878        981.9112045693264        10424.97457843088        77721.59410181599        1.309999942779541
       -1487.757055863757        803.0861662224660        10542.97648995603        77721.59421645400       0.9900000095367432
       -1351.466635740103        753.8947562145283        10492.01275720803        77721.59468045201        1.019999980926514
       -1410.803263504890        701.7782600873240        10549.00590327327        77721.59545844200       0.1700000017881393
       -1244.883789657102        672.9469559751332        10670.04346849326        77721.59622790400        1.070000052452087
       -1154.495072274599        829.7727195559604        10783.04191717937        77721.59647266100        1.799999952316284
       -1280.911816269122        712.8035405782283        10763.03201862933        77721.59695591600        1.009999990463257
       -1419.697096628655        654.1741769568941        9228.008965478170        77721.59735762900        1.409999966621399
       -1523.776818815419        711.1154391460443        10506.97894609586        77721.59814959401       0.3700000047683716
       -1407.249030997030        776.7899500020812        10492.99797334039        77721.59831369499       0.1500000059604645
       -1539.324042071661        602.1904463291994        10482.98645788384        77721.59853874100        1.379999995231628
       -1489.869608447154        678.8909179770247        10433.99045084647        77721.59862240800       0.5899999737739563
       -1458.002795031229        508.0422387940987        9923.013708159049        77721.59935799000      0.03999999910593033
       -1515.337832024914        631.0187526556327        10599.98939780220        77721.60011975400        1.350000023841858
