 x(m) y(m) z(m) time(s) chi2
       -1276.984660181815       -536.8929531869364        7937.050003441802        77721.53428014000       0.6499999761581421
       -1277.665881088295       -483.9284393015879        7848.954016035063        77721.53445070500        1.330000042915344
       -1221.894886646191       -510.2005273739834        7824.962866623528        77721.53456924000        1.379999995231628
       -1247.344923846098       -544.9506585267890        7985.955073915018        77721.53488923900        4.030000209808350
       -1281.243544376272       -630.9504363339873        7989.040521486190        77721.53501160600        1.450000047683716
       -1279.830544299416       -434.8023111207350        8115.957135464291        77721.53559788900       0.9900000095367432
       -1306.691356102747       -716.1152482011580        8092.026359060174        77721.53575413000       0.9900000095367432
       -1189.493499323223       -347.9722194977625        8321.979438303531        77721.53683782900       0.5199999809265137
       -966.4508037002635       -378.0977357396466        8631.015331899192        77721.53791375500       0.9200000166893005
       -1241.786807094705       -95.87787765537394        8749.978294449091        77721.53800395800        1.509999990463257
       -1611.764571470776       -833.0357024586114        8351.042111783612        77721.53819905700        1.500000000000000
       -1609.609295315001       -685.1633656914732        8302.960682681809        77721.53830576999        1.330000042915344
       -1332.833941695148       -807.2060226938340        8131.010060356979        77721.53849083401       0.7799999713897705
       -910.5883309244656       -403.0625019155920        8007.022480702872        77721.53874754300        0.000000000000000
       -936.8034194876853       -362.8500143081018        8680.020632978465        77721.53931999000        2.890000104904175
       -1629.358763222931       -702.9453034575391        8216.953737095771        77721.53972913401       0.6800000071525574
       -1424.357863213983       -385.1603490529851        7265.029841445836        77721.56755292699        1.230000019073486
       -1146.521339538489       -186.9947121151399        8949.994065909004        77721.56857168900       0.6499999761581421
       -1207.860286385810       -489.9023422007251        8284.966650233293        77721.56902088100        1.620000004768372
       -924.8350955393837       -378.1182259040727        8906.021489349183        77721.56913682500        1.809999942779541
       -1342.727418551455       -816.1067946867075        8170.006855954420        77721.57503578500        1.409999966621399
       -1360.411284187410       -945.7600034988960        8240.985171193099        77721.57564344400       0.9200000166893005
       -853.4766270048964       -387.0014520336920        8549.030875145905        77721.57747001300        1.070000052452087
       -1135.702940705296       -364.0346939509208        7548.988796405299        77721.57991462000       0.3499999940395355
       -1269.799250447813       -560.1381607030272        7288.049415670377        77721.58118908400       0.6600000262260437
       -2008.743020230461       -274.9064457731923        7086.978228054120        77721.60354868999       0.8999999761581421
       -1290.434985489704       -578.0004947985793        8093.043705176653        77721.60942944601       0.5400000214576721
       -1206.453579702453       -489.9046774283725        8312.966916251917        77721.61042758300        1.080000042915344
       -950.9364862944221       -292.9422705440245        8811.022149985216        77721.61208621200       0.6499999761581421
       -1475.504443608387       -1016.074141234682        8242.048414744257        77721.62032409800        1.299999952316284
       -1436.704675624395       -952.1318184828858        8426.967537691806        77721.62076603700       0.8999999761581421
       -1429.636299742024       -950.0093387993637        8392.969438184939        77721.62083935000       0.4099999964237213
       -1444.458266083393       -1080.909189366419        8283.044823908220        77721.62099948899        1.009999990463257
       -1558.847141008147       -1122.838491224988        8298.010696035170        77721.62118823500       0.8199999928474426
       -1468.485699613204       -1335.100380739166        8207.991093396635        77721.62231857701      0.09000000357627869
       -1570.658444705093       -1285.775724895405        7408.976924633898        77721.62252793000       0.3600000143051147
       -1563.758125783819       -1191.018457929451        8123.997093136760        77721.62280355200       0.3400000035762787
       -1593.955034042140       -1201.057370903178        7465.987716410945        77721.62313040601       0.1599999964237213
       -1559.519546017844       -1174.919736097904        8125.001121316474        77721.62330232300       0.4099999964237213
       -1753.824046950663       -1341.902317696221        8547.018358560146        77721.62338859300      0.09000000357627869
       -1753.676848740384       -1188.017690315000        8114.048474670819        77721.62463428000        1.940000057220459
