 x(m) y(m) z(m) time(s) chi2
       -1713.331064263311        2933.851761353125        5245.993585990612        71040.34513326900        1.049999952316284
       -1677.402398805072        2945.789502337596        5432.997627305460        71040.34528748000        1.330000042915344
       -1831.871935222190        2838.188690999184        5296.004115303227        71040.34547552200       0.5699999928474426
       -1609.675835090735        3025.833479605543        5463.977477443487        71040.34559274701        1.100000023841858
       -1625.878327275006        3105.014072201989        5430.035309294081        71040.34596288000        3.819999933242798
       -1708.448802508922        2678.928232510244        5282.007275639276        71040.34625316200        1.570000052452087
       -1558.865949977424        3194.818355962585        5498.007546822751        71040.34681052100        1.309999942779541
       -1387.423838276249        3129.066760122160        5330.979631754992        71040.34692523100       0.1700000017881393
       -1622.406548835127        2695.890736753160        5372.022544728487        71040.34711719899        1.519999980926514
       -1352.831052751781        3239.139307902905        5272.032036398607        71040.34721005301        2.779999971389771
       -1311.935207913484        3171.816587509997        5306.974398510069        71040.34743008700        1.200000047683716
       -1320.350432116302        3142.892536004417        5047.986985621180        71040.34755261500        1.240000009536743
       -1394.441416102374        3200.154381335065        5212.042816154127        71040.34777795299       0.2500000000000000
       -1464.363845509454        2745.804805843226        5297.039355819669        71040.34829914699       0.2800000011920929
       -1239.911144705177        3094.097789846673        4874.027000670490        71040.34862404301       0.8299999833106995
       -1211.691053614127        3129.237390472011        4866.015221720700        71040.34944232400        1.019999980926514
       -1680.627464081196        3304.868631883833        4527.020391146727        71040.34967572200       0.9599999785423279
       -1655.423881115745        3467.917689148562        5359.040403067597        71040.34995211101        4.320000171661377
       -1311.885266121213        2789.186392601476        4805.953936655465        71040.35020456000        1.039999961853027
       -1294.969193720897        2776.080519245363        4859.963127568693        71040.35049625000        1.399999976158142
       -1403.645935679762        2658.011130750680        5003.990632778146        71040.35067790101       0.9700000286102295
       -1076.277797052552        2911.109160354574        4800.042938696792        71040.35131203500        1.159999966621399
       -1084.773662578673        2923.056022899148        4994.036045867810        71040.35162547800        1.320000052452087
       -1530.570798229835        3514.071764267968        5385.046201201282        71040.35184912100        1.259999990463257
       -1008.570256901636        2842.924074287068        4796.985218444193        71040.35221676499        1.980000019073486
       -1267.471386894010        2823.121178514948        4951.047555389012        71040.35235199799        1.629999995231628
       -1200.455701043994        2831.997161553287        4932.956939732871        71040.35286279500        1.299999952316284
       -979.6832200232050        2848.947054683782        5014.987042199297        71040.35313027100        3.170000076293945
       -1486.814647067292        3607.213715545766        5350.004385975739        71040.35323410500        1.210000038146973
       -1232.890763037844        2759.116533522038        4819.982784393336        71040.35336810100        1.860000014305115
       -945.8356573217328        2848.976761938048        5088.992136951961        71040.35347376100        1.200000047683716
       -1479.772760710917        3608.936083442370        5402.005053308197        71040.35356561100        1.220000028610229
       -1185.662320711961        2666.841913153874        4927.031094201706        71040.35368027601       0.8600000143051147
       -925.3394911933668        2850.969741080081        4815.994214630767        71040.35404581900       0.8500000238418579
       -913.3460222612573        2845.031247197202        4795.998597218792        71040.35419461600        2.519999980926514
       -1126.349639554437        2640.007851500976        4568.952885508344        71040.35436973300        1.059999942779541
       -999.3965050368001        2847.147354685519        4773.984768142314        71040.35494470201       0.2599999904632568
       -904.8768834770217        2786.985155144278        4723.025494767747        71040.35544065500        1.659999966621399
       -889.3797280234955        2715.887208020517        4823.958340807143        71040.35569433800        2.519999980926514
       -886.5413223393086        2720.070614771188        4704.956935482814        71040.35654046600        1.230000019073486
       -831.5189163300246        2697.179050751512        4656.974077203711        71040.35703530800        1.100000023841858
       -811.7723721630183        2684.905444537553        4675.981811510815        71040.35770065901        1.860000014305115
       -1682.989530582743        3299.847305519949        5458.022534300636        71040.35786041900        1.509999990463257
       -1776.807800278400        3324.012234606829        5473.984557693702        71040.35847022801        1.509999990463257
       -1802.935168444479        3352.876843909766        5590.962111162725        71040.35862159300       0.8000000119209290
       -1831.821058581336        3329.939145187638        5449.965920300511        71040.35898592800        1.409999966621399
       -648.8274330230918        2736.116596441163        4644.978607527197        71040.35910214001        3.700000047683716
       -627.6513406061582        2708.939752897847        4468.992339550809        71040.35950686900        2.069999933242798
       -603.6736858964885        2686.930249741927        4494.003989087706        71040.35962612600        1.549999952316284
       -487.9903622888021        2694.929435544409        4401.010478616835        71040.35999619200        1.860000014305115
       -458.3628878175642        2658.905194842652        4326.027829145124        71040.36034582301        1.220000028610229
       -594.4861318742337        2702.941978984168        4309.998048298149        71040.36049982000        1.580000042915344
       -467.6120181452657        2581.841282371597        5365.958902205346        71040.36067475400       0.5600000023841858
       -525.3316140366985        2590.958819820754        3829.950577786271        71040.36085548300       0.8399999737739563
       -466.8170866463389        2633.014683636069        4176.037975561875        71040.36115462900       0.6100000143051147
       -263.6879956947443        2679.171544667942        4206.030313314536        71040.36127317599        1.509999990463257
        108.0112691371842        2649.131831591076        4268.047431388417        71040.36189072199        1.029999971389771
       -59.85428370945206        2431.854520426540        4104.034750407599        71040.36200784100       0.9100000262260437
       -642.4709352800361        2697.113039149129        4535.995899455844        71040.36232245700        1.659999966621399
        348.5233537237762        2581.785073775940        4196.966431787295        71040.36289388700       0.5199999809265137
        544.5970384756500        2912.138499641441        4373.010248294252        71040.36431043800        1.190000057220459
        718.0700466981591        2577.008135718741        3851.037589985072        71040.36488376500        1.570000052452087
       -1275.953327561895        2625.768613581426        4905.030789042668        71040.37735955699        1.360000014305115
       -1607.453896863388        3464.934581236683        5339.954174608163        71040.38609351301        1.879999995231628
       -1676.658911814243        3307.931145821572        5532.020012156509        71040.38623617101        1.409999966621399
       -1462.342146711805        2335.918448766149        5434.003859621151        71040.39742727700       0.7599999904632568
       -1812.831735911029        2753.048366088387        5260.046960985944        71040.39794092200        1.750000000000000
       -2173.924943838548        2683.975064581342        4972.963797932700        71040.40513557600        1.139999985694885
       -1255.454998429993        2790.023906797477        4801.964905640606        71040.40722238499        1.960000038146973
       -1234.930918449160        2818.244260668697        4466.956424114924        71040.40799231600        3.339999914169312
       -1228.012112898835        2830.837998887563        5174.952247699139        71040.40835232800        1.759999990463257
       -1213.909547288107        2893.120073001495        5246.026536028590        71040.40860948501        1.669999957084656
       -1171.569747713344        2959.160219039297        5207.004052979216        71040.40904563300        1.870000004768372
       -1194.897912214588        2966.065672406218        5478.996551257197        71040.42269891400       0.9499999880790710
       -2020.634140197991        2521.857394918116        4166.980255436153        71040.42609923201        1.950000047683716
       -1230.880918786844        2667.855235282808        5310.022159411817        71040.47312399199       0.8000000119209290
