 x(m) y(m) z(m) time(s) chi2
        2936.396982534043        2109.143120583311        10176.97642694792        78589.94791025200        4.010000228881836
        2243.238350552179        2006.922789179464        10518.99042117749        78589.94979643299        1.169999957084656
        2248.147038111658        2114.994307591263        10495.95370665112        78589.94993405799       0.5299999713897705
        2240.387152707307        1986.125804317170        10427.99793314561        78589.95069030600        1.429999947547913
        2304.635544155909        2290.946428562740        10627.97233633727        78589.95087784799        1.590000033378601
        2509.339777620296        2118.837725612244        10385.95487253036        78589.95098060901        1.370000004768372
        1880.452981045358        2157.062849063417        11053.95774641671        78589.95165214701        1.370000004768372
        1721.494952297334        2287.927602948215        10827.95679922384        78589.95191615100       0.1500000059604645
        2089.342232242998        2323.173565347674        10806.03463683108        78589.95248711400       0.5299999713897705
        1999.666085155202        2611.023299726395        10980.95177607125        78589.95387844600       0.4499999880790710
        2059.447759919909        3228.877021195862        10672.04976004565        78589.95463058499      0.05000000074505806
        1805.663875255956        2291.945872929200        11350.03278511587        78589.95576030700       0.3100000023841858
        1379.256125835879        2116.063296138923        11661.99966363912        78589.95585257999        1.080000042915344
        1459.006898541470        2085.903479466631        11435.99190411817        78589.95608652500        1.639999985694885
        1528.522204304945        3461.068238370223        10715.97610803894        78589.95627482900        3.460000038146973
        1792.333314315540        2180.115249434459        11580.97524673852        78589.95727760400       0.2599999904632568
        2006.504812453196        3528.223113265683        10892.00737624501        78589.95766873199        1.590000033378601
        1667.294218095819        2218.187917009488        11419.99589616011        78589.95773714400       0.1099999994039536
        995.6088395935728        2475.100387096496        10654.04095636856        78589.95787497800       0.9100000262260437
        1805.090078200875        2211.974534210954        11764.96068919741        78589.95807519001        1.000000000000000
        1922.532750371678        3236.981134035196        10828.98770907950        78589.95822186700       0.1700000017881393
        1548.113408730699        2100.936412197433        11988.96606140187        78589.95911228300        1.159999966621399
        1686.486897561811        2122.953878022674        11837.02336938186        78589.95954635600       0.1099999994039536
        1957.153574465303        1744.123032766569        12217.96174411596        78589.95990556901       0.4699999988079071
        1871.036861931436        1798.851188419150        12416.97230247430        78589.96016689700       0.5899999737739563
        1884.047462513084        1823.051016335899        11045.96148604021        78589.96165820600       0.8000000119209290
        1618.114043429119        2154.914523741962        12364.03034106543        78589.96199999400        3.440000057220459
        2016.593267944182        2689.863961771144        10976.01422361574        78589.96364205300       0.4499999880790710
        2276.214188479349        3683.091726697510        11062.02959626086        78589.96419449200       0.2599999904632568
        2095.576880803988        3263.846382648681        11074.02026567561        78589.96608415899        1.539999961853027
        2290.411571324633        3818.919116141987        11370.04418506093        78589.96651361301        1.220000028610229
        2163.327402109915        3402.050122169522        11085.02496832084        78589.96667307999       0.6800000071525574
        2172.357925538763        3920.821738925206        11000.02333890828        78589.96711111099        3.720000028610229
        2181.492179853656        3908.872638793221        10865.02754441944        78589.96754776200        1.850000023841858
        2214.046073708673        3772.055873169407        11003.99931646992        78589.96793890800      0.03999999910593033
        2267.732189595300        3625.828708618910        10994.96585487941        78589.96810704999       0.7799999713897705
        2458.991666149096        3926.846274322585        11033.01644175684        78589.96821098099      0.07999999821186066
        2216.040990173797        3489.884907299856        10458.95924758808        78589.96851589400        1.110000014305115
        2180.085087528376        3939.835714149008        10900.00894632292        78589.96862144500       0.6399999856948853
        2194.325865886542        3851.881632897754        9138.957864473399        78589.96923446401       0.8999999761581421
        2504.072394763316        3470.888530669732        10466.96392876845        78589.96945188500       0.2099999934434891
        2455.416608600065        3685.924643273344        10752.96159586572        78589.97067511700        4.710000038146973
        1817.200140644507        4183.955620168727        10978.96661033239        78589.97216439999        1.440000057220459
        2522.481593004980        3607.922332440475        10697.98016793249        78589.97228429200        1.769999980926514
        2588.672883892802        3645.862659179530        10307.03161647317        78589.97363596800        1.320000052452087
        2453.179460774015        3759.944073550121        10492.01871224281        78589.97400938001       0.6800000071525574
        2587.284877051718        3798.958816895595        10469.04328143903        78589.97411538300       0.6899999976158142
        1784.006554599702        4116.916228177718        10883.01963663031        78589.97419619100       0.3199999928474426
        1877.198899916250        4099.990727352125        10900.00388988158        78589.97433505100        1.450000047683716
        2609.225109328380        3760.038858059291        10581.95691815994        78589.97443696900       0.1299999952316284
        2617.145098418495        3663.864817128459        9171.009408587537        78589.97490779799        2.779999971389771
        2570.990445705685        3795.899854736583        10321.95105355674        78589.97533330400        1.080000042915344
        2140.582037341299        3983.135693492246        11019.99537590015        78589.97574273200       0.4399999976158142
        1614.608018864073        4239.083635486874        11071.98451781563        78589.97642947700        3.220000028610229
        1922.326793743646        4093.102896365125        10720.99487233157        78589.97795352200        3.079999923706055
        1792.544724528352        4141.243759313601        11138.00153473600        78589.97905327599        1.789999961853027
        1643.511386283797        3923.074226984784        10700.98042568758        78589.97938415300      0.03999999910593033
        1608.171529023003        3880.985244399848        10501.01516418555        78589.97967837899       0.1199999973177910
        1629.275331408061        4501.151483842926        10630.00097789116        78589.98355678801       0.8100000023841858
        2663.555549119936        3768.072662378323        10524.03034198567        78589.98366265099       0.6399999856948853
        1692.128314012063        4360.033282528349        10645.98326675578        78589.98379691200       0.3100000023841858
        1642.710415419090        4454.148377787366        10689.03061800461        78589.98410511500       0.2800000011920929
        1673.230258518432        4575.890344081207        11407.03715878132        78589.98500797100        2.230000019073486
        1752.146120751319        4558.967354767931        10841.02800179242        78589.98518957300        1.580000042915344
        1781.672058526952        4406.857739759838        10301.02621972342        78589.98577091801       0.4799999892711639
        1510.672065043445        4367.939754620401        10477.02323817012        78589.98591037300       0.2899999916553497
        1500.086872228703        4387.876188485477        10503.01202606863        78589.98609228199       0.1700000017881393
        1582.005515556087        4899.839780758891        10997.01838918225        78589.98751755600       0.9100000262260437
        1506.341305994591        4889.213776462972        10423.04464129351        78589.98873219900       0.3000000119209290
        1489.348474190245        5093.850179291221        10333.98871755015        78589.99131001800       0.4600000083446503
        1512.614825429687        5128.964450134221        10250.95503223817        78589.99166948900     0.009999999776482582
        1399.645217139332        5135.151125278576        10060.97570073315        78589.99281351401       0.3499999940395355
        1482.253242093676        5497.851216727900        10445.95411380900        78589.99339288101        1.129999995231628
        1663.577556842606        5571.034718764875        10252.04600611191        78589.99386799900        3.809999942779541
        2194.411541078895        1998.979194447733        12254.01004832848        78589.99397641300       0.4900000095367432
        1612.088105121335        5418.892287301353        10272.99033868005        78589.99439942501       0.2399999946355820
        2118.058440102869        1618.128893231897        11761.04332581949        78589.99451201300       0.1199999973177910
        1683.395415367374        5543.236693968745        10447.96458261914        78589.99511934200        1.090000033378601
        1902.147304001904        5426.962050774679        10230.00335929574        78589.99537544799       0.3100000023841858
        1605.049796592151        5479.175319334971        10391.04016331302        78589.99670320700       0.5899999737739563
        1727.130351970653        5468.955286134727        10310.01711433625        78589.99704149600       0.1099999994039536
        1639.635838697126        5460.954878722174        10389.04704540199        78589.99728490900       0.7300000190734863
        1734.185393581619        5474.884941954310        10304.01010555204        78589.99758353300        1.970000028610229
        2289.049070282401        2052.855221010823        12290.95974760303        78589.99780518901      0.07999999821186066
        1727.384702180439        5700.073758304654        11407.01496453640        78589.99790135100       0.4799999892711639
        1716.430618466335        5656.021318310090        10014.95699144227        78589.99822437500     0.009999999776482582
        1556.343478028068        5630.114056932463        10463.02111223039        78589.99956406200        1.750000000000000
        2378.180044356437        2142.905641870937        12737.99723106160        78590.00434119999       0.8799999952316284
        2617.596234671086        1871.977984402025        12514.98912962353        78590.00480655501       0.5799999833106995
        2811.571913970211        2236.954248099826        12184.98921100517        78590.00496370600       0.2199999988079071
        2222.662565229812        2018.068622286003        12269.99427533739        78590.00516167399        1.200000047683716
        2363.332420462277        2116.171066946858        12678.01166598589        78590.00604171801       0.4600000083446503
        2429.333996476166        2188.776713956833        11701.96227397502        78590.00652699900       0.4499999880790710
        2212.243968717695        2070.148566790638        10769.98099933752        78590.00927339699       0.2000000029802322
        1659.392218393807        5452.882442101850        10362.04885875650        78590.01895383600        2.710000038146973
        1643.207262321697        5381.794127185223        10501.01397984858        78590.01909262199       0.4300000071525574
        1735.316695447272        5641.056201664201        9383.964903098356        78590.01981631800        1.990000009536743
        1600.170632379068        5338.165106199278        10540.96203368924        78590.02024311099       0.7200000286102295
        1285.356175589643        5696.799700236281        10669.02207670996        78590.02087865899      0.07000000029802322
        1388.485103378803        5639.896813205877        11009.95074087565        78590.02468735600       0.6899999976158142
        1316.430208537035        5671.863778781764        10744.03805297658        78590.02572125199       0.7500000000000000
        1278.525427820958        5675.758837651130        11791.04270825512        78590.02806563499        4.110000133514404
        1119.589251465981        5606.078447637836        11154.03339087784        78590.02929703500        1.179999947547913
        1229.688418204317        5555.129576579367        11042.95817651382        78590.02990745701        1.509999990463257
        1678.579746301717        2238.100686373647        11384.98597232147        78590.03833822301       0.9100000262260437
        2453.180547719232        3634.018364815764        10409.99221442380        78590.04345274800      0.05999999865889549
        2900.644743033009        3960.809059994225        8874.009908597622        78590.05124095301        2.769999980926514
        2886.492577910770        4274.852796241898        12129.01340356812        78590.05265483800       0.4099999964237213
        2865.265408400126        3984.121238321248        10257.01172002903        78590.05490506100      0.03999999910593033
        2904.387322187906        4156.965896354453        9476.982908227077        78590.05541155700        1.940000057220459
        3003.342367904318        4381.063209063068        9937.987245410357        78590.05609490800       0.5099999904632568
        2901.122107491728        4352.809138091261        10189.95331942688        78590.05644053400       0.4499999880790710
        3041.310192550712        4753.976108787924        9882.001495184943        78590.05927375700      0.05999999865889549
        2823.350194973151        4774.051947685591        10181.98692059908        78590.06016289000       0.6700000166893005
        3186.252667040672        4739.143781174142        10388.04179111827        78590.06092850200       0.7400000095367432
        2805.627898060371        4784.939601677541        10013.98648182962        78590.06123183201        1.899999976158142
        2762.549351240668        4822.196658468725        9980.977108583756        78590.06134273300        3.559999942779541
        2806.136861320864        5094.124471583706        9774.046036729318        78590.06327497700       0.7300000190734863
