-1.354737310419230027e+02 5.248833727522536492e+02 9.927976923972304576e+03
-8.039277660896203770e+01 4.201741786077723191e+02 9.454985625697032447e+03
-9.027817855610352638e+01 4.231436028632703028e+02 9.499985297154516957e+03
-8.462998886976932056e+01 4.159406986212957236e+02 9.517985849226362916e+03
-9.380755347266551780e+01 4.061881956576698940e+02 9.424986350821891392e+03
-1.354792818082430017e+02 6.109444634045934208e+02 1.024796924699317060e+04
-2.999683656001695908e+02 5.388245493541722908e+02 9.362970155937933669e+03
-4.574228747278311857e+02 5.269743216863146245e+02 9.467961823499746970e+03
-5.626270649549818472e+02 4.829085651129407211e+02 9.468956928013803918e+03
-6.028644572232076371e+02 5.858846873244975768e+02 9.457044224272865904e+03
-6.445129854796206246e+02 5.702000191546828773e+02 9.366041585559529267e+03
-6.657091996252676154e+02 5.710620959699987225e+02 9.512039338007205515e+03
-6.156062686800150914e+02 6.291461636009572658e+02 9.829038884533971213e+03
-6.939452443338817602e+02 6.520035719344032259e+02 9.511028559216278154e+03
-4.786037817752247747e+02 4.201814858884387149e+02 9.387968218785643330e+03
-4.263555363333588843e+02 3.532220907490304853e+02 9.333975984117441840e+03
-4.666130562231921886e+02 4.409575458645161916e+02 9.567967700473020159e+03
-4.687201666325955216e+02 2.960164299107635202e+02 9.318975936552815256e+03
-3.698733831018436717e+02 3.210147231687478779e+02 9.341981206775566534e+03
-4.807223157336351846e+02 3.799231831905307786e+02 9.365970590172049924e+03
-3.967109854631518147e+02 2.510991018700574102e+02 9.417982740529601870e+03
-4.193060499190114001e+02 3.358560412571068241e+02 9.489977390911439215e+03
-4.934275974637159266e+02 3.218647205179723869e+02 9.279972822807494595e+03
-5.703863111301824347e+02 3.261066028221666784e+02 9.280966204903095786e+03
-4.376593800387100828e+02 3.498381142295506265e+02 9.434975407687128609e+03
-3.734127661764478034e+02 2.019419033057019135e+02 9.417985893043147371e+03
-4.066055727851335746e+02 2.019470429844803903e+02 9.536983868621529837e+03
-4.355357509075722078e+02 3.201696463406852899e+02 9.334977113895209186e+03
-4.454247730302071204e+02 3.011034335856651865e+02 9.383977363383250122e+03
-3.628163347762258013e+02 2.659272015241829763e+02 9.365984151196566017e+03
-5.153674811425775033e+02 1.210174311665280982e+02 9.795978081807963463e+03
-5.584083978568187376e+02 6.719478502496103545e+01 9.390975262293033666e+03
-5.739475181445128555e+02 4.092293677122029294e+01 9.433974109688262615e+03
-5.358057675221339196e+02 9.812669586226583363e+01 9.313976794240346862e+03
-5.697243244847948063e+02 9.092918429540713987e+01 9.616973970152814218e+03
-5.725494889117916273e+02 1.019477337874009066e+02 9.632973550933707884e+03
-6.219683673285994701e+02 9.093139392269328880e+01 9.541969101550615960e+03
-4.164834147369563198e+02 7.608582162065903276e+01 9.339985981393099792e+03
-6.805692237925499057e+02 -3.988759268292763949e+00 9.433963780696818503e+03
-7.328078502468830493e+02 1.100255797462214025e+00 9.334958007819974227e+03
-6.953930221830225946e+02 6.182568129076780217e+00 9.403962183819210622e+03
-3.465904369588703275e+02 3.286055372964597154e+01 9.456990522004974991e+03
-7.236255800505741718e+02 -2.093557060465793995e+01 9.290959018950554309e+03
-3.197588617369610802e+02 4.218240379937066109e+01 9.456991865115882320e+03
-7.822528989422778523e+02 2.483518418299717112e+01 9.512952102921235564e+03
-3.515383933462341020e+02 1.078503285964169001e+00 9.532990336745759123e+03
-3.698941612227063160e+02 2.989531595172067924e+01 9.504989231102439589e+03
-3.035246404539058744e+02 2.904571983945891134e+01 9.568992729967678315e+03
-3.423562616838640906e+02 -1.417734909200780002e+01 9.468990819164226195e+03
-3.734210729858937157e+02 6.803406369434431156e+01 9.469988732644593256e+03
-1.926551198468729069e+02 4.909462111695505087e+02 9.479978163380530532e+03
9.965029201670832038e+01 5.409461716800392423e+02 9.445976235948721296e+03
2.410397072811866082e+01 5.248567911922810936e+02 9.616978314693538778e+03
1.031830477767611995e+02 5.138365275348253363e+02 9.583978426703135483e+03
6.717230333494904926e+01 6.261294074530037506e+02 9.518968850209341326e+03
4.334096548998387810e+00 4.930718354721561241e+02 9.592980900211228800e+03
1.045938747807208955e+02 6.570732593405646185e+02 9.600965228798511816e+03
8.129563853322497380e+01 7.448156303055151284e+02 9.784955906052322462e+03
-7.474697935485134792e+01 4.731641083358958895e+02 9.717981976211785877e+03
-1.472993462810454979e+01 4.748562633351149884e+02 9.681982269996993637e+03
1.314201113649575063e+02 7.727503452172763900e+02 9.490951740061404053e+03
2.410451514002360085e+01 5.049497947797539155e+02 9.747979925507794178e+03
1.173025448446121004e+02 7.337802902617112295e+02 9.634956627623820168e+03
7.423458481738100545e+01 7.541358927307269369e+02 9.759954894312990291e+03
9.047294949110853679e+01 7.108977918748857974e+02 9.649959660454820551e+03
1.370663533509938929e+02 8.261372977982808834e+02 9.432044524834627737e+03
2.803929843281450189e+02 8.638703449174896605e+02 9.543034837782495742e+03
1.314199055761330044e+02 9.969446947664017671e+02 9.632020183508197078e+03
1.052961850684233980e+02 1.016859262916962962e+03 9.616017516480869745e+03
1.554252772490598034e+02 9.321024256290946823e+02 9.598029470624405803e+03
1.420103655875778088e+02 1.099086326634884017e+03 9.699003140172804706e+03
1.413029623229770095e+02 1.096108834371498006e+03 9.635003668320947327e+03
1.900166029119812947e+02 1.069820291143015083e+03 9.544006877810872538e+03
6.928620921503600982e+01 1.096922841792553072e+03 9.445004711124724054e+03
2.904459227441243030e+01 1.185952212565621949e+03 9.655989058062266849e+03
1.774819530420893088e+01 1.236808953265295031e+03 9.673979420761486836e+03
-1.813503160272589980e+02 1.182141763342501008e+03 9.665987261446509365e+03
-1.877001190673032056e+02 1.177875793903808017e+03 9.512987866389694318e+03
-2.286513024773979907e+02 1.240193930989548107e+03 9.632974697937799647e+03
-1.467561313441937898e+02 1.174943770726569028e+03 9.702989482388175020e+03
-3.274951936059101172e+02 1.247832437089401992e+03 9.671968907433467393e+03
-3.077319097629301154e+02 1.183853523602846963e+03 9.737982111480436288e+03
-3.804413848613800155e+02 1.121941760656756969e+03 9.498989408844612626e+03
-3.613818193553651099e+02 1.144835751897348018e+03 9.561986438817857561e+03
-3.776383960902629155e+02 1.102083998542062091e+03 9.841993050111921548e+03
-4.609272303715832777e+02 1.157971871631566955e+03 9.533977661275403079e+03
-2.350022174499875973e+02 1.207118717213583068e+03 9.522980824270725861e+03
-3.564421297272945139e+02 1.191888187167196975e+03 9.636978080446880995e+03
-3.889141929052516957e+02 1.119825029793749991e+03 9.508989272066299236e+03
-4.694099172083517146e+02 1.046956140726440026e+03 9.602996274340168384e+03
-4.609327284877259103e+02 1.027025295092151055e+03 9.522000136925558763e+03
-3.507854385620261723e+02 9.969061000149789606e+02 9.350011914493856239e+03
-5.287203933980464399e+02 1.021114523883971970e+03 9.636995844050863525e+03
-4.164539301213387148e+02 9.748953070501580669e+02 9.493011386170990590e+03
-4.009190161837901769e+02 1.038036303013951965e+03 9.496002394722107056e+03
-4.623360687647955842e+02 9.769970759668491382e+02 9.368007909238698630e+03
-6.099160396758690013e+02 1.024937082344229111e+03 9.659988000964651292e+03
-6.685142818915675207e+02 1.019003503885802047e+03 9.630983095440224133e+03
-6.353423757900352484e+02 9.380692502127627677e+02 9.692998920972244377e+03
-7.483338897068936149e+02 9.389558763989637100e+02 9.901986569111151766e+03
-7.807907378782429078e+02 8.948541694047100918e+02 9.689989037616374844e+03
-7.397929971403721083e+02 8.460579100382909701e+02 9.251000578491994020e+03
-6.974765522984463360e+02 8.999327484035933367e+02 9.687997951758117779e+03
-9.212844571515136067e+02 9.800448820128183343e+02 9.679957792301926020e+03
-9.277195988672621070e+02 9.521565800856211581e+02 1.021796110655495067e+04
-9.276653207763627051e+02 8.440246143854897127e+02 9.770976361634349814e+03
-9.417886897677174147e+02 8.088507335924529116e+02 9.761978863897540577e+03
-8.944665268549075563e+02 8.541797801009596469e+02 9.677979735180690113e+03
-9.276663163153478990e+02 8.902224615739389719e+02 9.808970068720613199e+03
-9.763916048248518109e+02 7.991112146160145357e+02 9.793974904809532745e+03
-1.039948487692736990e+03 7.809019080508728621e+02 9.848967145650371094e+03
-1.025840746292070889e+03 7.830300223923626390e+02 9.935969164733849539e+03
-9.968933970714480211e+02 7.961673533496795017e+02 9.957972113711606653e+03
-1.004639586795167020e+03 7.991184314464120462e+02 9.827970529021398761e+03
-1.146587827818497090e+03 7.868630855482373363e+02 9.977048768837565149e+03
-1.245489438865387910e+03 7.398597303051433300e+02 1.019903591352522017e+04
-1.146551713566205990e+03 8.749936329504369041e+02 9.835037267174788212e+03
-1.190343984099622048e+03 8.360184510008956522e+02 9.896034505322841142e+03
-4.199848824452187159e+02 9.748974538456183154e+02 9.506011155081918332e+03
-3.590884802230046091e+01 1.238911157443968932e+03 9.587978934104194195e+03
-7.497694559441551974e+02 -1.696893122001368048e-01 9.468956042436155258e+03
-2.766926911752872797e+02 -1.908874868888572962e+02 9.415991150966550777e+03
-7.716366814235840366e+02 -4.678043551382121734e+01 9.258953267530030644e+03
-6.827056735941637271e+02 -1.158634222763628969e+02 9.528962500176205140e+03
-2.456241468203168949e+02 -1.269012547690362993e+02 9.452994017322213040e+03
-1.827736788499663874e+02 -8.494687371326021719e+01 9.207996820812868464e+03
-8.613600381156795720e+02 -2.018742607187483884e+02 9.544038392680527977e+03
-9.734080708006106875e+01 -1.218151813281194933e+02 9.264998093326066737e+03
-2.766921440920942814e+02 -3.591132395221645766e+02 9.289983882205526243e+03
-2.717504878906037220e+02 -3.798778227923136797e+02 9.299982888688376988e+03
4.316780485209906715e+01 -1.150342204348189057e+02 9.189998814703651078e+03
-2.745818713566777092e+02 -4.091258600796297173e+02 9.442980955268472826e+03
-2.103241517577581021e+02 -4.608216216957264919e+02 9.375979858619959487e+03
4.104996915970726690e+01 4.514272436968378344e+01 9.354999708140756411e+03
1.774949611805449834e+01 -2.392941996780569980e+01 9.292999930381698505e+03
-1.665469727407781022e+02 -4.171820790938276104e+02 9.476984158975481478e+03
1.872045051488663887e+02 -8.918374911736665922e+01 9.171996634645283848e+03
-2.646973834982131280e+02 -4.519260378609541249e+02 9.441978477006703542e+03
-2.703532306546580912e+02 -4.650737522597460156e+02 9.595977293804391593e+03
1.667290906920763121e+02 -5.994611772689201246e+01 9.207997543897223295e+03
1.356612293160542038e+02 -8.409933852266225074e+01 9.144998005194966026e+03
-1.446610245732314866e+02 -5.430475992613967264e+02 9.560975197552115787e+03
-1.474844382752941101e+02 -5.671965549617639226e+02 9.494973026601121092e+03
-2.315125804327493029e+02 -5.701563976426745057e+02 9.440970271682816019e+03
-7.757681618560371817e+01 -7.231283897363524602e+02 9.365958450263462510e+03
-1.015848098230914047e+02 -7.570222792930476317e+02 9.311954172423585987e+03
-4.297508459784378232e+01 -8.879282636936462723e+02 9.067037525591915255e+03
1.596615449311233874e+02 1.001185242706403983e+03 9.647018875298093917e+03
2.127812273780008923e+01 1.265195559167515057e+03 9.640973830154802272e+03
6.434432743285226763e+01 1.358849466288015947e+03 9.636954236795558245e+03
1.116435718200212932e+02 1.380849401975855017e+03 9.467049433092150139e+03
3.751625745899867326e+01 1.416075136340283962e+03 9.709042563975293888e+03
1.010542895491272049e+02 1.407981511710496989e+03 9.518043666329231201e+03
1.307058237658739870e+02 1.377889353502167978e+03 9.495049714009324816e+03
2.215649541725615013e+00 1.352878548351123982e+03 9.458955828041784116e+03
7.140245621677927090e+01 1.354150322219888949e+03 9.459955159336084762e+03
-2.726231407237671878e+00 1.482128536129496979e+03 9.467027628868934698e+03
-2.531804163159755916e+01 1.504196481904712982e+03 9.603022406080906876e+03
2.782555373917339239e+02 1.421112044132071105e+03 9.474035491271268256e+03
2.076572649318061110e+02 1.437216929692968051e+03 9.490034557928120194e+03
-8.179564718473824314e+01 1.527898373739214094e+03 9.479016284004819681e+03
-8.461750586232622595e+01 1.538033010409860935e+03 9.331013802035646222e+03
-1.735714237933999868e+02 1.530007860308405952e+03 9.435013943369687695e+03
-2.145195336986824088e+02 1.482975694777577928e+03 9.455023833372268200e+03
-2.413442380189007963e+02 1.516867454317922011e+03 9.413014889083387970e+03
-7.332067148135328694e+01 1.590979148914030020e+03 9.238000923953424717e+03
-1.283863800592743019e+02 1.643135022343519040e+03 9.369986808567829939e+03
1.102205338401051051e+02 1.729073551393948946e+03 9.059964369751038248e+03
-5.072724829533880353e+01 1.690895987167498106e+03 8.906975370624642892e+03
-7.684662202590578772e+01 1.794752909442672035e+03 9.061046284863012261e+03
3.327592998562904825e+01 1.749851248377699903e+03 9.114959556501305997e+03
8.339508674334972227e+01 1.779069878661774965e+03 9.043950996013643817e+03
1.193966890293400951e+02 1.721857943686886983e+03 9.014966159558834988e+03
1.426917871927902866e+02 1.784159380206484002e+03 9.058048132857042219e+03
3.445737008128110119e+02 1.718005565166411998e+03 8.850959024408164623e+03
3.523230418944664279e+02 1.968815870194637910e+03 8.738985558141428555e+03
2.485694840535342109e+02 1.896829333702336044e+03 8.902012303894305660e+03
4.264456960218166159e+02 2.179067360762832777e+03 8.987013127952346622e+03
4.101961020076041109e+02 1.979799987748468993e+03 8.626978693863296940e+03
2.725597116923349859e+02 2.065858975622524213e+03 8.783958697064625085e+03
3.791371884558270153e+02 2.215851115802574895e+03 8.760003393546898224e+03
5.584225258959230587e+02 2.114993775926760918e+03 8.696024561642785557e+03
4.596189226411805748e+02 2.048094102291877789e+03 8.858953732217500146e+03
5.563128413097872453e+02 2.090866271138253069e+03 8.770032722481282690e+03
4.892552665469435169e+02 2.023048144719143920e+03 8.708959535906195015e+03
2.676128999436143090e+02 2.162865884365106012e+03 8.711027259092961685e+03
4.906713402866598130e+02 2.009928221188260068e+03 8.756963587029476912e+03
3.092523126901236878e+02 2.331082365647764163e+03 8.711965988263687905e+03
2.196237117248363120e+02 2.299844921391110802e+03 9.043981082414264165e+03
4.652490461224269893e+02 2.314174674632984079e+03 8.806962716825553798e+03
5.111359603664660085e+02 2.159937027276560912e+03 8.791013427800156933e+03
4.794017819754585048e+02 2.196942283147056969e+03 9.206003245091089411e+03
7.116118827407194658e+02 2.014197156784292019e+03 8.813042053040138853e+03
6.360927162226889777e+02 1.918013586761089073e+03 8.834979141765779787e+03
4.892517369921703789e+02 2.435835263101018882e+03 8.941015143035738220e+03
6.515951608634844661e+02 2.443890143907352922e+03 8.925997570315155826e+03
7.284844170623733817e+02 2.506881737601227996e+03 8.545964739653789366e+03
7.306209533359303805e+02 2.504828715329202169e+03 8.711965318189897516e+03
7.673180184889073416e+02 2.442935415156291128e+03 8.623985071713943398e+03
7.285070761041188234e+02 2.476020587512300153e+03 8.723976833731128863e+03
7.673145984993033153e+02 2.609911393639718881e+03 8.708018401882329272e+03
8.520363372916366416e+02 2.426048785310169023e+03 8.766980814336002368e+03
8.231005182163183918e+02 2.406135982386609157e+03 8.778992165653009579e+03
8.075517544332376474e+02 2.418788084784197963e+03 8.625989340154832462e+03
7.680317777958908891e+02 2.790085091376422042e+03 8.924042484285448154e+03
7.433304062988706846e+02 2.804079414887066832e+03 8.954039256423222469e+03
7.616833875605403819e+02 2.734150524793415116e+03 8.919966933089788654e+03
8.026265757366224989e+02 2.707045440567993865e+03 8.943973513657785588e+03
7.913308348258127580e+02 2.726109378727413969e+03 8.936966783618239788e+03
7.207489232823995735e+02 2.695165934249228940e+03 8.923988307630132113e+03
7.045330707210184755e+02 2.754151820686542123e+03 9.128964882653071982e+03
-3.494460575829888853e+02 -5.108439453236176178e+02 9.662969952054796522e+03
-4.285387592046810141e+02 -5.150830825253976855e+02 9.719964799319464873e+03
-4.363051064245631210e+02 -5.180474011291570378e+02 9.697964033433761870e+03
-4.617187506140077744e+02 -4.599834166596236855e+02 9.627966709513546448e+03
-4.433733564610524809e+02 -7.269650651759978928e+02 9.654042723956501504e+03
-3.776992484463141864e+02 -7.680691017723120240e+02 9.612042112648936381e+03
-4.793853272205270741e+02 -7.328920319463102260e+02 9.618039445554828490e+03
-4.497332638577831858e+02 -7.418031001743867137e+02 9.707040568319964223e+03
-4.723253940829903854e+02 -8.659481448719483296e+02 9.551023258712473762e+03
-4.426643238395271851e+02 -5.320356579944834721e+02 9.743962442780029960e+03
-5.768580276281052193e+02 -9.969087407363088005e+02 9.689995520624242999e+03
-5.634368265631408121e+02 -1.007072627879187962e+03 9.641995116491627414e+03
-4.977511991226041914e+02 -9.261234933235913331e+02 9.561012858859103289e+03
-5.528407367919629678e+02 -1.018084041757163050e+03 9.595994288853356920e+03
-5.606063656596128340e+02 -1.060027841215483022e+03 9.540986764591936662e+03
-5.627243443302864989e+02 -1.009179970139648958e+03 9.568994844257154909e+03
-8.085173497504598572e+02 -1.212188070020273017e+03 9.779033656089048236e+03
-7.583757462831974863e+02 -1.224903418333846048e+03 9.767037364750112829e+03
-7.025992208139591639e+02 -1.360950426282438912e+03 9.806016102727820908e+03
-6.044236826682033552e+02 -1.443982870744672937e+03 9.646007836205541025e+03
-6.517626492308186243e+02 -1.612245474961719083e+03 9.752962793708366007e+03
-6.623688352149694083e+02 -1.827942862937698010e+03 9.729003022467622941e+03
-7.308866116138397047e+02 -1.779239444066540045e+03 9.859009364462921440e+03
-9.159742956632873074e+02 -2.144131522795681121e+03 9.935973666510068142e+03
-6.864289456038567323e+02 -1.970862209373455016e+03 1.007495785500267084e+04
-7.175178317300109256e+02 -2.214101709069258959e+03 1.001397506500087911e+04
-9.215986981403422078e+02 -2.138985969340939846e+03 9.758974577759967360e+03
-6.589137282271634604e+02 -2.042143004933923976e+03 1.032403888031829956e+04
-6.398010161450384885e+02 -1.978031586911067961e+03 9.950960459640265981e+03
-6.355839105326609797e+02 -2.056060230377221160e+03 1.010603674913561917e+04
-6.059034422994819806e+02 -2.092024480042584855e+03 9.920027901135254069e+03
-6.815128644367847528e+02 -2.126874942602704778e+03 1.023300875992373949e+04
-1.100351417255372098e+03 -2.309843646147981872e+03 1.001398623741284064e+04
-6.744470936303411008e+02 -2.223050396297820043e+03 1.014497664236986930e+04
-4.696268037702621996e+02 -2.309997743517288200e+03 1.029496401526100090e+04
-6.935134249078159883e+02 -2.337009626264661165e+03 1.002603338517685916e+04
-6.024102448258468030e+02 -2.603144048665190894e+03 9.982038948590356085e+03
-7.775738878234376443e+02 -2.567089648074697834e+03 9.935034686999228143e+03
-8.425872351716385538e+02 -2.543027747548938805e+03 1.018503613186016992e+04
-9.033005818641199767e+02 -2.498864640383219012e+03 9.978045316158097194e+03
-8.143097633963269573e+02 -2.529823342083269836e+03 1.001204504150116918e+04
-7.528942926638591189e+02 -2.749847698310632950e+03 1.016896133461180943e+04
-6.864916214795830456e+02 -2.554091844458313972e+03 1.026595076141971913e+04
-9.124698665355368803e+02 -2.675074784808269214e+03 9.767972379064594861e+03
-1.070715918566379969e+03 -2.753936318460796883e+03 9.894014807922605542e+03
-1.079917189439767981e+03 -3.061984875000840020e+03 9.797972125526152013e+03
-9.386581309624478990e+02 -2.956123997054812207e+03 9.949044483581670647e+03
-8.545831667984281239e+02 -2.997164161472287105e+03 9.788037060725548145e+03
-9.026197325597130430e+02 -2.953963458012225146e+03 9.851951054169889176e+03
-6.603569715122791877e+02 -3.090049396766073187e+03 9.914015668457281208e+03
-8.228173240338826417e+02 -3.035792309271599152e+03 9.916022936544854019e+03
-6.836741029056098569e+02 -3.082877189014015130e+03 9.984016704436871805e+03
