-7.472825487115886745e+02 7.059481581324436092e+02 6.792017246737479581e+03
1.130262070602729949e+02 5.750739889963267615e+02 7.264973012231013854e+03
4.144130714483995916e+02 1.025035217397623910e+03 7.704004102738083930e+03
3.000919349614475777e+02 5.281030613355252399e+02 7.825971041785124726e+03
5.570176729963367279e+02 7.920588883177690604e+02 7.883026534842369983e+03
-1.107148613259302010e+02 -1.861539037764364082e+02 6.831996317733225624e+03
5.656168305162373855e+01 7.818125781256716209e+02 7.375951717684070900e+03
1.128706035260714998e+03 1.067043632432885033e+03 7.759011083001531006e+03
8.463952143339384975e+02 9.691612343823551328e+02 7.826970260445859822e+03
-3.563234100875934018e+02 9.478752956187205427e+02 7.343019562030276575e+03
2.944003135196435892e+02 1.010120051009714985e+03 7.181013134422297298e+03
1.302341699501303083e+03 1.091219814231950977e+03 7.792973967979920417e+03
2.986419566663839760e+02 1.332990173783274940e+03 7.549953495086188013e+03
2.774984199879036737e+02 5.289387940547416065e+02 7.694971992481884627e+03
8.315739372914798651e+02 9.649244314626806727e+02 7.833972849647741896e+03
-9.659625796037246914e+01 8.957721834333279958e+02 7.405036312854507742e+03
2.090241795727040994e+02 6.310233017640633761e+02 7.568965292704441708e+03
5.515019585599510066e+01 7.771539141605571785e+02 7.385952300814446062e+03
3.826496010811866881e+02 1.027147921759321889e+03 7.678005741904341448e+03
-7.324713468279037443e+02 1.308810923724362965e+03 7.280023615555107426e+03
8.314482936295380568e+02 1.682893948280443965e+03 7.352023173411981588e+03
1.010675993043130006e+03 1.795990789123326977e+03 7.251966424413692039e+03
-7.346042441085504606e+02 1.313075963967681901e+03 7.419022495910260659e+03
-9.373132051175109609e+02 6.805338081058735611e+01 7.632031015443780234e+03
-7.585787737897471743e+02 1.299906555167920033e+03 7.229022394581860681e+03
-1.031889259726385035e+03 -8.388628377609790050e+02 6.945961501657321605e+03
-5.483478972340686823e+02 -8.998990442156929248e+01 7.239975843361577063e+03
-5.017752446010313179e+02 -8.618229953141681676e+01 7.413979722237820170e+03
-4.728344721661326275e+02 -1.531157469370673141e+02 7.366980669711928385e+03
-1.745012410653868073e+03 -1.865132195458231990e+03 6.953988412525235617e+03
-1.706817213892267091e+03 -1.879033310377323915e+03 6.667994613037063573e+03
