-2.495926097999999911e+03 1.265850582999999915e+03 4.891986654999999701e+03
-3.289581998000000112e+03 1.748068993999999975e+03 5.177013144999999895e+03
-3.242939946999999847e+03 1.949198961999999938e+03 5.154978525999999874e+03
-2.526306716999999935e+03 1.204046882999999980e+03 4.962986721999999645e+03
-3.144947298999999930e+03 1.837809085999999979e+03 5.216960578999999598e+03
-3.258498339000000215e+03 1.908141012000000046e+03 5.201983068999999887e+03
-3.298769236000000092e+03 1.729020500000000084e+03 5.195013619000000290e+03
-3.242346061000000191e+03 1.709102278999999953e+03 5.213047883999999613e+03
-2.419807443000000148e+03 1.190058602000000064e+03 5.037030579999999645e+03
-3.390335145000000011e+03 1.828933639999999968e+03 4.984037808000000041e+03
-3.360020599999999831e+03 1.964895798000000013e+03 5.114013294999999744e+03
-3.411885956999999962e+03 1.944812946999999895e+03 4.465991861999999855e+03
-3.380468349000000217e+03 1.931011989000000085e+03 5.071012878999999884e+03
-3.364944090999999844e+03 1.958959039000000075e+03 5.082012528999999631e+03
-3.414290238000000045e+03 2.058916383000000224e+03 5.081954781999999796e+03
-3.344397342000000208e+03 2.107144584000000123e+03 5.012975937000000158e+03
-3.310864364999999907e+03 1.588878095000000030e+03 5.297043931999999586e+03
-3.307330544999999802e+03 1.568119551000000001e+03 5.270950810999999703e+03
-3.309361459000000195e+03 1.518101497999999992e+03 5.071961862000000110e+03
-3.307769592999999986e+03 2.262196362000000136e+03 5.224041396999999961e+03
-3.433309111999999914e+03 2.166915805000000091e+03 5.102008327999999892e+03
-3.390448657999999796e+03 2.067890766999999869e+03 5.358964619000000312e+03
-3.517870136999999886e+03 2.207128043000000162e+03 4.961048574000000372e+03
-3.326857800000000225e+03 2.174972365999999965e+03 5.243962306000000353e+03
-3.361433419999999842e+03 2.197016132000000198e+03 5.274036250000000109e+03
-3.500951477999999952e+03 2.318104687999999896e+03 5.057018409000000247e+03
-3.463569427999999789e+03 2.349863161000000218e+03 5.089027133999999933e+03
-3.405752192999999806e+03 2.307080006000000139e+03 5.112973780999999690e+03
-3.260539202999999816e+03 2.196124916000000212e+03 5.247989220999999816e+03
-3.275378751000000193e+03 2.285947933999999805e+03 5.357049616000000242e+03
-3.251335747000000083e+03 2.310043804999999793e+03 5.260953561000000263e+03
-3.202473406999999952e+03 2.334035627000000204e+03 4.905969407999999930e+03
-3.407714229000000159e+03 2.501817414000000099e+03 4.954999181000000135e+03
-3.495907896000000164e+03 2.634021211000000221e+03 5.076998289000000113e+03
-3.490238479000000098e+03 2.567072815999999875e+03 4.984028739000000314e+03
-3.100363402999999835e+03 2.385812117999999828e+03 5.301000632000000223e+03
-3.461303320999999869e+03 2.553921080000000075e+03 4.950049764999999752e+03
-3.463427580999999918e+03 2.594168141000000105e+03 4.992032336000000214e+03
-3.024923137000000224e+03 2.385821864999999889e+03 5.392036801999999625e+03
-2.983296440999999959e+03 2.399783943999999792e+03 5.391951020999999855e+03
-3.431586670000000140e+03 2.652112035999999989e+03 4.849025585000000319e+03
-2.744915933000000223e+03 2.399769214999999804e+03 5.543957797000000028e+03
-2.946649749000000156e+03 2.271028126000000157e+03 5.386015298000000257e+03
-3.299672430999999960e+03 2.726185339999999997e+03 4.883963660000000345e+03
-2.950810739000000012e+03 2.572999936000000162e+03 5.433998501000000033e+03
-2.924808245000000170e+03 2.556981768000000102e+03 5.640016953000000285e+03
-2.821694582999999966e+03 2.578027155000000221e+03 5.395954678000000058e+03
-3.298928017000000182e+03 2.776135147999999845e+03 4.842042526000000180e+03
-3.311568444999999883e+03 2.779904363999999987e+03 4.736034316999999646e+03
-2.750436639000000014e+03 2.666957718000000114e+03 5.438049186000000191e+03
-2.642505016999999953e+03 2.746993026999999984e+03 5.495960581000000275e+03
-2.621330841999999848e+03 2.771122367999999824e+03 5.485958834000000024e+03
-2.627658789000000070e+03 2.824902086999999938e+03 5.471032674000000043e+03
-2.755927103999999872e+03 2.732044367999999849e+03 5.127019140000000334e+03
-2.607879184999999779e+03 2.821901523999999881e+03 5.402042096000000129e+03
-2.599308841000000029e+03 2.876006187999999838e+03 5.180021313000000191e+03
-2.712393983999999818e+03 2.869918405999999777e+03 5.695977160999999796e+03
-2.533788086000000021e+03 2.960806912999999895e+03 5.443008770000000368e+03
-2.560608936999999969e+03 2.984978365999999824e+03 5.495986791999999696e+03
-2.513301613000000089e+03 3.084043721000000005e+03 5.451958303999999771e+03
-2.608526190000000042e+03 2.968833979999999883e+03 5.357974941000000399e+03
-2.456919205000000147e+03 3.004872023999999783e+03 5.531018138999999792e+03
-2.763754214999999931e+03 3.101092462000000069e+03 5.532046328000000358e+03
-2.525914729000000079e+03 3.135202239000000191e+03 5.273027895000000171e+03
-2.502622439000000213e+03 3.138990666000000147e+03 5.239035184000000299e+03
-2.480767472999999882e+03 3.152132756999999856e+03 5.279037215000000288e+03
-2.538631609000000026e+03 3.142855567000000065e+03 5.328019089000000349e+03
-2.254446420000000217e+03 2.956932275000000118e+03 5.459015132999999878e+03
-2.233290257000000111e+03 2.936178125999999793e+03 5.464032175999999708e+03
-2.212867759000000206e+03 2.888772704999999860e+03 5.532960900000000038e+03
-2.206523927000000185e+03 2.840060253000000102e+03 5.514985026999999718e+03
-2.200868141999999807e+03 2.817167214000000058e+03 5.463997150000000147e+03
-2.420689087000000200e+03 3.185848959999999806e+03 4.985043399999999565e+03
-2.396730849999999919e+03 3.146055173000000195e+03 5.021972636999999850e+03
-2.809608271000000059e+03 3.260823875999999927e+03 5.643046577000000070e+03
-2.809546154000000115e+03 3.264140637999999853e+03 5.504044871000000057e+03
-2.276796198000000004e+03 3.201910558000000037e+03 4.995988618999999744e+03
-2.826506675000000087e+03 3.267994180000000142e+03 5.576035429999999906e+03
-2.206894319999999880e+03 3.192894279999999981e+03 4.783017636999999922e+03
-1.923621413000000075e+03 2.720931062999999995e+03 5.367028405000000021e+03
-2.076552141000000120e+03 3.024911396999999852e+03 5.115043394999999691e+03
-2.084299387000000024e+03 3.048194219999999859e+03 5.094029754000000139e+03
-1.953757460000000037e+03 3.187036570000000211e+03 5.035002937000000202e+03
-2.030859022999999979e+03 2.651919958999999835e+03 5.357024368999999751e+03
-1.914994484999999941e+03 3.134129785999999967e+03 5.106040973000000122e+03
-1.870520215000000007e+03 3.153123275999999805e+03 4.997044742000000042e+03
-3.293790210000000116e+03 1.601086117999999942e+03 5.030049649999999929e+03
-1.851458464000000049e+03 3.145041943000000174e+03 4.932954185999999936e+03
-1.854272171000000071e+03 3.139946116000000075e+03 4.902955882999999631e+03
-3.402590994000000137e+03 1.475826238999999987e+03 5.240022974000000431e+03
-3.413844095999999809e+03 1.496145271000000093e+03 5.188012216000000080e+03
-1.814782048999999915e+03 3.104796006999999918e+03 4.912984478000000308e+03
-3.448511920999999802e+03 1.458080343999999968e+03 5.344002467000000252e+03
-1.846522300000000087e+03 3.090822037999999793e+03 4.900982189000000290e+03
-3.419544699000000037e+03 1.446193037999999888e+03 5.260020733999999720e+03
-1.605423203999999942e+03 2.712742701000000125e+03 5.173019645000000310e+03
-3.480881096000000070e+03 1.372077502999999979e+03 5.130004012999999759e+03
-3.509710732999999891e+03 1.355956423000000086e+03 4.943991667999999663e+03
-3.535912237999999888e+03 1.331015458000000081e+03 5.104982519000000138e+03
-1.557487587000000076e+03 2.583168555000000197e+03 5.218985846999999922e+03
-1.599855078000000049e+03 2.520973190000000159e+03 5.344000348999999915e+03
-3.562538386000000173e+03 1.385166621999999961e+03 4.812956114999999954e+03
-3.635908863000000110e+03 1.361054570000000012e+03 4.799020086999999876e+03
-3.359442876999999953e+03 1.375808217000000013e+03 4.959968080999999984e+03
-3.533569582000000082e+03 1.261050987999999961e+03 4.648997992999999951e+03
-3.416654442999999901e+03 1.176798575999999912e+03 4.950977678999999625e+03
-3.597820378999999775e+03 1.156912473999999975e+03 4.673981936999999562e+03
-3.292437453000000005e+03 1.158949838000000000e+03 4.845046153000000231e+03
-3.287506151000000045e+03 1.144127833000000010e+03 4.848951277999999547e+03
-3.564622961999999916e+03 1.012901556000000028e+03 4.505025080999999773e+03
-3.455663957000000210e+03 1.362119474999999966e+03 4.154019675999999890e+03
-3.476957776000000194e+03 1.387164958000000070e+03 4.413002752999999757e+03
-1.054495175999999901e+03 2.597023113000000194e+03 5.093982896999999866e+03
-3.472649352999999792e+03 1.405766180999999960e+03 4.286000989999999547e+03
-3.574802710999999817e+03 1.528982878999999912e+03 4.134016289999999572e+03
-3.360009926000000178e+03 8.790018436000000293e+02 4.361955657999999858e+03
-3.335941304999999829e+03 8.031738494999999602e+02 4.151978269000000182e+03
-3.276735170999999809e+03 7.637847665000000461e+02 4.225013770999999906e+03
-3.240701395000000048e+03 7.989050766000000294e+02 4.139027823000000353e+03
-9.754519291000000294e+02 2.796000211000000036e+03 4.986011182000000190e+03
-3.735951649999999972e+03 1.336904929000000038e+03 4.552967451000000437e+03
-3.174637005999999928e+03 6.498829919999999447e+02 4.535977920000000267e+03
-3.163486981999999898e+03 6.490607168000000229e+02 4.813983570000000327e+03
-3.641610649000000194e+03 1.600910274000000072e+03 3.824960555999999997e+03
-3.501007001999999829e+03 5.250360087999999905e+02 3.950019060000000081e+03
-3.665709557000000132e+03 1.589113618999999971e+03 4.021049868999999944e+03
-3.106728946000000178e+03 4.880711628000000246e+02 4.056025962000000163e+03
-3.436897336999999879e+03 5.131695803000000069e+02 4.100954764000000068e+03
-3.118802208000000064e+03 4.199149178000000120e+02 4.175024715999999898e+03
-3.343490269999999782e+03 8.209093533999999863e+02 3.760972001000000091e+03
-3.608461037999999917e+03 1.718198628000000099e+03 3.907048870999999963e+03
-3.483478353999999854e+03 1.635934835000000021e+03 3.602039781999999832e+03
-3.534980630999999903e+03 1.652051480999999967e+03 3.638007330999999795e+03
-3.089619850999999926e+03 3.669461297999999942e+02 3.606042347999999947e+03
-2.908974227000000155e+03 5.840813316999999643e+02 3.622010826000000179e+03
-3.791384001999999782e+03 3.621083310000000210e+02 3.393964699999999993e+03
-7.843297323000000461e+02 2.949043811999999889e+03 5.394968428000000131e+03
-6.093826861999999664e+02 2.938003001000000040e+03 5.357992610999999670e+03
-2.245866923999999926e+03 5.889737374999999702e+02 3.537977851999999984e+03
-2.189398916999999983e+03 6.871778490000000374e+02 3.496987596999999823e+03
-2.929438294999999925e+03 5.481000543999999763e+02 3.614004677999999785e+03
-1.841598154999999906e+03 3.123037568000000192e+03 4.968967883999999685e+03
-2.453618859000000157e+03 2.362898289000000204e+03 5.688990007000000332e+03
-2.274404536999999891e+03 2.242952611000000161e+03 5.556999614000000292e+03
-2.341707386999999926e+03 2.261196221000000151e+03 4.411968697000000247e+03
-2.528876463999999942e+03 2.344064237000000048e+03 5.093967550999999730e+03
-2.293359570000000076e+03 2.039124015000000099e+03 5.159961790999999721e+03
-2.303886661999999887e+03 2.336002697999999782e+03 5.207955514999999650e+03
-2.125478399999999965e+03 2.400048822000000200e+03 3.339993512000000010e+03
-2.538776910000000044e+03 2.264880046000000220e+03 5.101992315000000417e+03
-2.540798365999999987e+03 2.307151910999999927e+03 4.891976287999999840e+03
-2.490951918000000205e+03 1.663101042999999891e+03 5.067997244000000137e+03
-2.031427437000000054e+03 2.645810268000000178e+03 4.922026673000000301e+03
-2.483336569000000054e+03 1.517913720000000012e+03 5.343036543000000165e+03
-1.955934553000000051e+03 2.694060703999999987e+03 4.902029969999999594e+03
-1.915010119999999915e+03 2.725803833999999824e+03 4.883028838999999607e+03
-1.836704361999999946e+03 2.760932950999999775e+03 4.877036673999999948e+03
-2.752949630000000070e+03 2.396005016000000069e+03 4.538955595000000358e+03
-3.050398340000000189e+03 1.775082752000000028e+03 5.145024217000000135e+03
-1.672371174999999994e+03 2.647838247000000138e+03 4.876029789000000164e+03
-1.684309831999999915e+03 2.017957345999999916e+03 4.250957830999999715e+03
-1.983416357000000062e+03 1.899889120000000048e+03 4.276008445999999822e+03
-2.883970980000000054e+03 2.763948707000000013e+03 4.395048315000000002e+03
-3.213996763000000101e+03 1.842017311000000063e+03 5.045025074000000131e+03
-2.797413497000000007e+03 2.417217676000000210e+03 4.612028365999999551e+03
-1.752602325999999948e+03 2.406166965999999775e+03 4.047004360999999790e+03
-1.383887535999999955e+03 1.909154833000000053e+03 4.465963477000000239e+03
-1.437396797999999990e+03 2.454936259000000064e+03 4.385964594000000034e+03
-1.362715842000000066e+03 1.901938169000000016e+03 4.414970185999999558e+03
-1.357760136999999986e+03 2.471142181000000164e+03 4.713975768999999673e+03
-1.807726368999999977e+03 1.744803703999999925e+03 3.989004891000000043e+03
-1.054489610999999968e+03 2.399197568999999930e+03 4.926960482999999840e+03
-2.431948665999999776e+03 2.015963704000000007e+03 4.128017413999999917e+03
-1.825396406999999954e+03 1.473817943999999898e+03 3.932968340999999782e+03
-9.747478181999999833e+02 2.109832696999999825e+03 4.531975591999999779e+03
-1.067845283000000109e+03 2.344031292000000121e+03 4.607978809000000183e+03
-9.507641695999999456e+02 2.668076562000000195e+03 4.904969745999999759e+03
-1.950633125999999947e+03 2.756234006000000136e+03 3.753004789999999957e+03
-8.703462279999999964e+02 2.596896220000000085e+03 4.829010659999999916e+03
-8.555198276999999507e+02 2.205918427000000065e+03 4.465960062000000107e+03
-8.315416073999999753e+02 2.181786825000000135e+03 4.483971553999999742e+03
-8.696487984999999981e+02 2.671893793000000187e+03 4.937979701000000205e+03
-1.774649468999999954e+03 1.234162291999999979e+03 3.914033664000000044e+03
-8.315600220999999692e+02 2.716798068000000058e+03 4.985965753999999833e+03
-1.752750569999999925e+03 1.159186854999999923e+03 3.746953955999999835e+03
-1.846595994000000019e+03 1.055058410000000094e+03 3.784045504000000165e+03
-1.651808379999999943e+03 1.317053640999999971e+03 3.566950105999999778e+03
-4.746136885000000234e+02 2.617979651000000104e+03 4.680043652000000293e+03
-5.472827994000000444e+02 2.214834362000000056e+03 4.599990810000000238e+03
-4.986113887000000204e+02 2.183914627999999993e+03 4.583005484999999680e+03
-1.856509485999999924e+03 8.780865638000000217e+02 3.795969677000000047e+03
-1.835343395999999984e+03 8.268462577999999894e+02 3.746982658999999785e+03
-4.033791416999999910e+02 2.531193196000000171e+03 4.738983584999999948e+03
-1.875560291000000007e+03 8.302456356999999798e+02 3.780970538000000033e+03
-1.892543224999999893e+03 7.307663112999999839e+02 3.893977745000000141e+03
-1.402827811999999994e+03 1.164161076000000094e+03 3.484039456999999857e+03
-1.845934811999999965e+03 7.760425245999999788e+02 3.748986010999999962e+03
-4.189066912999999772e+02 2.255934964999999920e+03 4.693986076000000139e+03
-1.108004492999999911e+03 1.142114323999999897e+03 3.525001296999999795e+03
-1.921422520999999961e+03 6.189750768000000107e+02 3.675980978000000050e+03
-2.475957707999999911e+03 2.299987615999999889e+03 5.035004356999999800e+03
-2.637259798999999930e+03 2.475166585999999825e+03 4.568974084000000403e+03
-2.705686478999999963e+03 2.539148412999999891e+03 4.627020359000000099e+03
-2.719799938999999995e+03 2.534075514000000112e+03 4.638016392000000451e+03
-1.188534734999999955e+03 2.431864095999999790e+03 5.042024658000000272e+03
-1.681519962000000078e+03 2.026888778000000002e+03 4.376955735999999888e+03
-2.849011507000000165e+02 2.514050335999999788e+03 5.302996810999999980e+03
-2.143425167999999985e+02 2.512184682999999950e+03 4.873000269999999546e+03
-1.134755717000000033e+02 2.580906347999999980e+03 5.175975368000000344e+03
-1.402784268000000054e+02 2.496977617000000009e+03 4.972008321000000251e+03
-1.296986441999999897e+02 2.541055906000000050e+03 5.066991095000000314e+03
-2.058779551000000083e+02 2.561744980999999825e+03 4.911980782999999974e+03
