-6.123151779999999462e+02 2.239906368999999813e+03 6.043976224000000002e+03
-2.416509545999999773e+03 1.959849592999999913e+03 6.163041054999999687e+03
-2.436891208000000006e+03 2.074168673000000126e+03 6.029997053000000051e+03
-2.547663758000000144e+03 2.541908465999999862e+03 6.345984395000000404e+03
-2.565325471000000107e+03 2.597014101000000210e+03 6.439955089000000044e+03
-2.466495093999999881e+03 2.507962970000000041e+03 6.246029693000000407e+03
-2.492578438000000006e+03 2.494814224000000195e+03 6.181024733000000197e+03
-2.490658441999999923e+03 1.812916527000000087e+03 6.225956556000000091e+03
-2.420764400000000023e+03 1.881919517999999925e+03 6.166963367000000289e+03
-2.606884911000000102e+03 2.432999495000000024e+03 6.161003069000000323e+03
-2.576663570000000163e+03 2.633080571999999847e+03 6.586035824999999932e+03
-2.890794515000000047e+03 2.628223744999999781e+03 6.914003631999999925e+03
-2.984294448000000102e+03 2.961805628000000070e+03 6.397013710000000174e+03
-1.310821394999999939e+03 2.972119502000000011e+03 6.619971145999999862e+03
-2.454862024000000019e+03 1.507172360000000026e+03 6.511950120999999854e+03
-2.465441590999999789e+03 1.508019183999999996e+03 6.499045944000000418e+03
-3.724704334999999901e+03 2.403024493999999777e+03 6.549960839999999735e+03
-2.441778741000000082e+03 3.221854817999999796e+03 6.669017577999999958e+03
-2.129325138000000152e+03 2.669826271999999790e+03 6.599985004000000117e+03
-2.520521229999999832e+03 1.500855186000000003e+03 6.593026163999999881e+03
-3.662842023000000154e+03 2.064199168000000100e+03 6.722015491000000111e+03
-3.604945426000000225e+03 1.917992784999999913e+03 6.561994034000000283e+03
-3.680993062999999893e+03 2.353883507999999892e+03 6.578004543000000012e+03
-3.323834734999999910e+03 2.288841260000000148e+03 6.290023740999999973e+03
-3.366802298999999948e+03 3.253128182999999808e+03 6.802981759999999667e+03
-2.181439174999999977e+03 2.671835477999999966e+03 6.312966543999999885e+03
-2.387511559999999918e+03 2.113138398999999936e+03 6.081002872000000025e+03
-3.569705296999999973e+03 1.862078506999999945e+03 6.598030431999999564e+03
-3.801831677000000127e+03 1.996879474000000073e+03 6.642955796000000191e+03
-3.513740470000000187e+03 2.227972259000000122e+03 6.445043894999999793e+03
-3.381982195000000047e+03 2.265756429000000026e+03 6.824001607999999578e+03
