 x(m) y(m) z(m) time(s) chi2
       -2389.879253302781       -965.9255100329967        8452.980011104455        77657.74834104700       0.4300000071525574
       -1798.851373495851       -1032.108031697051        8178.963026145645        77657.74858704000        1.629999995231628
       -2320.681954630883       -1007.034850377512        8412.999127736697        77657.74897238000       0.3700000047683716
       -2187.874240813631       -687.1789504922768        8421.988924868298        77657.74916120101        1.090000033378601
       -2526.875652043547       -1001.062137335580        8487.021514671476        77657.74930575800       0.5099999904632568
       -2389.921928185886       -937.9811876433716        8585.984186048385        77657.74949890601       0.6700000166893005
       -1676.811896547865       -1213.939355892742        8447.964125509467        77657.74967342400        1.879999995231628
       -2139.864932404029       -605.8459905533950        8478.013440441278        77657.74983314300       0.3000000119209290
       -1752.330209062768       -1252.878326847389        8309.036903704360        77657.74990623099        1.759999990463257
       -2849.631486586657       -821.7876162345175        8806.012098246511        77657.75048511699       0.6700000166893005
       -2846.752855860685       -818.8069885907904        8686.013751897653        77657.75068326500       0.9200000166893005
       -2273.553730524121       -255.8783046022229        9416.991051078117        77657.75184510600       0.6299999952316284
       -3058.574034844413       -561.9875310624202        8863.043419284817        77657.75211135400       0.3199999928474426
       -3172.847906082241       -433.1290641626085        8730.997790046325        77657.75287389100       0.6200000047683716
       -2223.881383306011       -380.8521224746539        8628.002219470598        77657.75296504700        1.429999947547913
       -2267.694064743771       -318.9880322858489        8779.990240965457        77657.75341414100        1.370000004768372
       -2965.298886127666       -209.0579646345835        8940.009137718785        77657.75374859999        1.259999990463257
       -2977.394203804962       -256.0948133946557        9107.001816019625        77657.75388677399       0.5099999904632568
       -2877.772205566986       -145.9514913965237        9033.950315500320        77657.75401881500        1.460000038146973
       -2704.794687158917        281.9834670437027        9335.021284187478        77657.75521659201        1.620000004768372
       -2431.656689933620       -1.159012657155145        9420.037633845604        77657.75552782101        1.570000052452087
       -2323.522534348157        234.8441158280186        9294.973891590631        77657.75598784399        1.250000000000000
       -2599.493775385400        271.7732530004278        9084.965774436563        77657.75616650100       0.6600000262260437
       -2629.812152050039        373.0533591501332        9054.047852402135        77657.75644147400        1.340000033378601
       -2369.333189692060        481.8989855682246        9238.042775149963        77657.75656532199       0.6399999856948853
       -2329.801035512421        631.9078721026748        9354.044184188302        77657.75715038100       0.7500000000000000
       -2370.740369440987        445.0305196360282        9200.044935579461        77657.75733792900        1.019999980926514
       -2447.767970896398        202.2440601577742        9221.028258873735        77657.75801477001       0.7099999785423279
       -1977.562020752030        308.0781495990408        9361.986542912155        77657.75830551400        1.009999990463257
       -1609.753962119953        449.1395036172275        9641.981727415823        77657.75901634899        1.700000047683716
       -1809.532858774900        394.0735096442688        9462.031563163251        77657.75945653500       0.1000000014901161
       -1811.669050984354        428.8284116804907        9549.028715259246        77657.75973162400       0.4300000071525574
       -1402.812983486313        513.9254767263860        9408.025566940041        77657.75985386000        3.799999952316284
       -1533.459359694352        451.2344800531763        9483.000325679146        77657.75998231400        1.100000023841858
       -1660.564490196879        544.9182765675308        9602.961253798932        77657.76051167700       0.8399999737739563
       -1574.400882311688        419.8785330190631        9421.992519903200        77657.76070625700        1.899999976158142
       -1983.874696554627        850.9434754810885        9593.035758528813        77657.76082643200        1.090000033378601
       -1463.599161357041        468.1875862364222        9667.015478547220        77657.76093529801        1.730000019073486
       -1470.644353638885        461.8267907967651        9595.014324732969        77657.76098753500       0.8999999761581421
       -2005.701533562903        911.1020667400300        9441.020613429722        77657.76117568801        1.200000047683716
       -1960.606479422531        931.9020919173221        9749.031605818624        77657.76126555100      0.03999999910593033
       -1503.868005254046        479.2198502789969        9770.005316918896        77657.76156850799      0.01999999955296516
       -1659.893209526142        536.0296926945052        9730.962187618636        77657.76181182200       0.1299999952316284
       -1439.539545911045        327.8965620751838        9337.029704559623        77657.76237196200        2.180000066757202
       -1465.717489180156        463.1023645063697        9664.015365273701        77657.76244486200       0.5899999737739563
       -1845.510162536948        669.9587643220304        9537.998223860281        77657.76254564300        1.669999957084656
       -1854.738163022779        547.9226462914779        9626.007233269416        77657.76278335700        1.720000028610229
       -1816.580401900584        655.1268184669692        9592.008054362561        77657.76296688399       0.7799999713897705
       -1636.548707179756        605.0902051845038        9605.962009600780        77657.76313491000        1.029999971389771
       -1815.858761322179        522.8977950058871        9448.020489486982        77657.76326341800       0.1800000071525574
       -1435.380373018882        505.0624718306771        9800.019059708869        77657.76349840099       0.3600000143051147
       -1488.322976106886        366.0598436981767        9646.016464043327        77657.76373849300        1.549999952316284
       -1380.941669151859        413.9152924121717        9415.037617621809        77657.76385754200       0.7400000095367432
       -1412.728341248635        363.9179784110205        9446.033729613026        77657.76404042001        1.909999966621399
       -1363.290348261237        410.9462856051325        9413.041597695361        77657.76459241399        1.139999985694885
       -1466.417217198159        613.9743591740270        9738.002442022866        77657.76471198600       0.9300000071525574
       -1252.444591775623        348.2133961307317        9393.967424849439        77657.76493823199        1.370000004768372
       -1563.834441777032        508.0318067102874        9580.988692277031        77657.76529518700      0.02999999932944775
       -1299.777744996361        360.0931085560049        9536.957320595386        77657.76558558200       0.2599999904632568
       -1320.896227333829        533.8252565269318        9346.041374270635        77657.76574044600        1.980000019073486
       -1400.772571734547        287.2225442210685        9610.040287099366        77657.76617764401        1.059999942779541
       -1181.843669219900        271.0790039269590        9366.984615912965        77657.76632361200       0.6800000071525574
       -1229.891692321391        121.9241706196289        9453.980161175521        77657.76668496500        1.669999957084656
       -1241.851726827633        199.0452815820630        9282.975901698377        77657.76696725900        1.659999966621399
       -1324.471320003663        249.0626109359550        9370.957562880505        77657.76711177900        3.910000085830688
       -1312.431299845711        397.7949080091604        9290.952485697459        77657.76768279700     0.009999999776482582
       -1095.723252789979        271.0733078543502        9475.999955625730        77657.76796919201       0.8399999737739563
       -1143.719727510872        358.7964672956053        9443.987209695655        77657.76812780699        1.169999957084656
       -1287.744486794954        572.8229164393725        9531.044750958054        77657.76835448800       0.1700000017881393
       -1142.299410578734        271.0729688674815        9338.991802427016        77657.76844556999       0.9900000095367432
       -1145.824336835982        296.0743690767463        9325.990057600537        77657.76857166900       0.9100000262260437
       -1033.594268349961        201.1446909005938        9461.012894047812        77657.77002239499        1.840000033378601
       -1046.305441577555        185.8906217118229        9462.011290533794        77657.77061688200       0.6499999761581421
       -1019.502560228809        154.1091520967784        9616.016471018496        77657.77129576000       0.8899999856948853
       -972.8786641565966        188.8501929588236        9497.022797179710        77657.77141092000        1.659999966621399
       -1022.306357737800        126.9849912961569        9469.016620405540        77657.77154287700       0.5799999833106995
       -981.3436444421153        95.19705638330764        9382.023592029516        77657.77180654800        1.870000004768372
       -1027.969881482202        140.9720774488605        9571.015419341098        77657.77194003300        1.629999995231628
       -833.7633098768714        191.7992447665428        9362.042360535484        77657.77229928000        3.460000038146973
       -866.2920853841871        191.8132440833216        9730.038039355168        77657.77302161900       0.2899999916553497
       -868.3580746547071        204.0910141255094        9353.037373630448        77657.77318854700        2.849999904632568
       -940.3984178076653        210.0355508349715        9507.026992745874        77657.77359245800       0.2000000029802322
       -736.3293119132182        115.9381803715995        9334.956547412103        77657.77488423900       0.8000000119209290
       -807.6318135367412        162.9795597187444        9286.046517127574        77657.77515699800       0.4099999964237213
       -724.3221082182893        92.20621200847056        9282.958306561681        77657.77547305101       0.9800000190734863
       -724.3172857689350        93.05310141125017        9240.958294508311        77657.77609524100       0.1000000014901161
       -715.8639161284635        92.20745232725888        9412.959259920444        77657.77636580000       0.7599999904632568
       -771.6249652763155        112.1260261186293        9268.952453272883        77657.77684404500       0.4199999868869781
       -627.5993398942628        3.211472982805694        9301.969198928504        77657.77734982299        1.070000052452087
       -735.5993333391378        135.0029738415232        9139.956254264322        77657.77761261300      0.09000000357627869
       -648.7955281519656        29.06253979929564        9457.967018597275        77657.77776980100       0.6700000166893005
       -766.6546963157133        53.22199087633086        8996.953814317974        77657.77821982000       0.2899999916553497
       -731.3567041100526        205.7673446411313        9131.954846453644        77657.77864295300       0.4799999892711639
       -642.3952854754326        124.8250196044313        9069.966505098198        77657.77871532799       0.1800000071525574
       -783.6282140303001        193.9126606080283        9326.048636985883        77657.77897361400       0.2700000107288361
       -593.7011478935892        90.92595597967843        9287.971787533081        77657.77951109500       0.5899999737739563
       -808.3236616712795        260.0169098665461        9239.043204724463        77657.77994260100        1.299999952316284
       -600.7617731005575       -1.027780861645297        9225.971777176223        77657.78010222700        1.409999966621399
       -617.7214293866713        71.01262571871852        9420.969766059488        77657.78019580401       0.5400000214576721
       -570.4058910752950        73.12742285443795        9329.974137648438        77657.78028509000       0.5000000000000000
       -550.6486814058692       -56.96700784730743        9389.976034999303        77657.78089070199       0.3100000023841858
       -561.9469699833968       -120.1057941965456        9357.974173627646        77657.78099259900        1.799999952316284
       -566.8806085024153       -70.94897575914035        9289.974475654119        77657.78158647100        1.960000038146973
       -558.4119734528060       -90.01883134992032        9325.974979840908        77657.78190199300       0.6999999880790710
       -574.6595942556855       -29.84531844754568        9452.974107393109        77657.78207962200       0.4600000083446503
       -542.8853829838083       -87.90214812929014        9411.976346858286        77657.78225890901       0.6200000047683716
       -532.2885995836388       -123.0731234869571        9322.976654532989        77657.78256454100       0.1700000017881393
       -472.9764862868250       -124.7709490854117        9305.981283852485        77657.78314014200       0.8600000143051147
       -1839.805468689193       -1074.042245864326        8167.044528823360        77657.78382777001       0.5400000214576721
       -426.3817808060210       -46.80369546844811        9457.985611956659        77657.78424491500       0.2199999988079071
       -356.4769506563495       -59.94286442874003        9417.989780979255        77657.78501905900       0.4799999892711639
       -3120.717981496715       -478.9233037106608        8940.020191449870        77657.78514728900        1.950000047683716
       -438.3807595906401       -9.935675225001621        9415.984964815751        77657.78560513600       0.5699999928474426
       -435.5574331837342       -31.97135208178474        9415.985085213484        77657.78697941700       0.7900000214576721
       -392.4807529783653       -6.123771599596019        9344.987951596593        77657.78726308800        1.419999957084656
       -390.3623222723381       -53.16045853477875        9309.987862148964        77657.78743003900       0.3100000023841858
       -319.7585241727162       -59.09631727120522        9381.991730466942        77657.78854668100        1.649999976158142
       -399.5435060362493       -51.88910964890160        9345.987305608218        77657.78879617401       0.5699999928474426
