-4.298644557605310865e+02 -5.315401377062693911e+01 8.742985327270922426e+03
-4.284548690088424792e+02 -9.383091512740561768e+01 8.751984952172279009e+03
-4.884776962777357880e+02 -1.539983350936803106e+02 8.859979476924447226e+03
-5.393219790738129404e+02 -2.603192893002931996e+01 9.062977200924613499e+03
-5.386182288825623345e+02 -8.577870953749767580e+01 9.049976735381103936e+03
-6.374793054208735157e+02 1.719586833585216112e+01 9.260968198928268976e+03
-6.063920987839131840e+02 1.468584806931991977e+02 9.133969551007567134e+03
-6.042795174845670090e+02 -3.993707100647657882e+00 9.090971443920207093e+03
-6.819351310003182789e+02 2.108489954186231046e+02 9.144960142184858341e+03
-7.913967038931687057e+02 1.890234609830170953e+01 9.222950995933642844e+03
-8.203455679322166816e+02 5.195733021173371213e+01 9.248046772944911936e+03
-8.372652267287671748e+02 1.040773370377024065e+02 9.086043939503872025e+03
-8.196568312122194584e+02 7.399398117260685126e+01 9.398046644469342937e+03
-7.497492418632980389e+02 1.028033203641390969e+02 9.365955213860972435e+03
-7.278496534673663518e+02 6.296717814291694282e+01 9.238958262133806784e+03
-7.864657531928723984e+02 7.483817273934502623e+01 9.353951193417633476e+03
-7.885882645802105344e+02 4.093791091832297013e+01 9.365951240420712566e+03
-7.328155982348611133e+02 1.011086195477467982e+02 9.469957204834096046e+03
-7.716546005279134306e+02 1.172156214325578958e+02 9.517952359853059534e+03
-7.243542249100386243e+02 -6.882131848899598481e+01 9.457958599876141307e+03
-7.589500805699442481e+02 4.093641235264683331e+01 9.508954828001000351e+03
-7.483655008379724904e+02 -4.508907260498789782e+01 9.508956047472383943e+03
-7.307062823806912775e+02 1.290788601195777119e+02 9.566956941098769676e+03
-7.624926832000141985e+02 9.602847147296425590e+01 9.647953814789711032e+03
-5.654594647199282917e+02 -2.391231286883772000e+01 9.219974951743266502e+03
-4.432889203261564148e+02 -9.213699041855458916e+01 8.863983965913608699e+03
-7.384445697920612020e+02 2.016938986394571032e+01 9.244957326870719044e+03
-7.349099517191056066e+02 3.415268777369185926e+01 9.216957674245286398e+03
-7.927899262534726859e+02 2.398687471124950932e+01 9.073950805063597727e+03
-7.956163424935347166e+02 1.805482204128740875e+01 9.087950473687893464e+03
-7.687730192280317851e+02 3.415413363235388289e+01 8.985953690780026591e+03
-8.245819357342169269e+02 4.899143637434765708e+01 9.246046251527706772e+03
-8.394164242388367256e+02 2.992421820261263932e+01 9.288044439825938753e+03
-8.986935551553252708e+02 2.314875970990597054e+01 9.052036409087406355e+03
-8.436294945201543669e+02 4.899217312259366253e+01 9.124043765701402663e+03
-9.735359083564242155e+02 1.290919337468749006e+02 9.136024185430840589e+03
-8.365641869901807013e+02 -8.024791877555047392e+01 9.000044375587196555e+03
-8.937593026939440506e+02 -1.052433183346556973e+02 9.023036272363706303e+03
-8.676398822163150726e+02 -1.010089555985919958e+02 9.058039939041555044e+03
-9.453076822225523301e+02 -1.281205992751208953e+02 9.054028439824138331e+03
-8.916290244903403845e+02 -1.260044984555230059e+02 8.922036191609862726e+03
-9.043619858998139307e+02 -1.268541591102893022e+02 9.093034388140293231e+03
-8.012573647779282737e+02 -1.499612984802180016e+01 9.007049385946369512e+03
-9.756762538826343416e+02 -1.878647621753958958e+02 9.068022394887093469e+03
-9.092855359003164040e+02 -1.111732143119582048e+02 8.971033981830940320e+03
-9.318802413786847865e+02 -9.506954897269126548e+01 8.991030989767612482e+03
-9.488322860303167090e+02 -1.649836753696311860e+02 8.991027068198316556e+03
-1.072390541305459010e+03 -1.501400787063093105e+02 8.999007906051765531e+03
-1.128918359089660953e+03 -1.971745745973310875e+02 9.215996895250646048e+03
-1.079466534390368906e+03 -1.988703776439660089e+02 9.058005380051456086e+03
-1.133881619874279977e+03 -1.391240408679310008e+02 9.371997553183684431e+03
-1.174778705169836030e+03 -1.179257906317084945e+02 9.080990593212569365e+03
-1.253879302712945901e+03 -1.670714205626742057e+02 9.161974471642137360e+03
-1.286354240601076981e+03 -1.598630312166268084e+02 9.145968205546874742e+03
-1.316729011498001000e+03 -2.009631465638699126e+02 9.185960858329406619e+03
-1.176893765286004964e+03 -1.641117477206217075e+02 9.032989180066651898e+03
-1.300487527037967084e+03 -1.700323143376512860e+02 9.197965084090967139e+03
-1.436746023184680098e+03 -1.700110583887260134e+02 9.138036503389819700e+03
-1.385962523564764069e+03 -1.471425896398596933e+02 9.399048288959660567e+03
-1.415568293023035949e+03 -1.420481227854284896e+02 9.176041913509523511e+03
-1.384484176090950996e+03 -1.017961491916621952e+02 9.124049489542367155e+03
-1.417696816234685912e+03 -2.081520060669838870e+02 9.178039623325938010e+03
-1.512985983417871921e+03 -6.914866391366753362e+01 9.142020812622999074e+03
-3.903138854261856068e+02 2.311246976392425978e+01 8.567988043764380564e+03
-1.505940469530858991e+03 -8.101528291223155520e+01 9.198022337468908518e+03
-1.550389866415361894e+03 -1.492269728017971886e+02 9.017010474910255653e+03
-1.568742850465642050e+03 -5.176554684294578124e+01 9.065007538712259702e+03
-3.557172197550452211e+02 9.976178148962363323e+00 8.500990096318413634e+03
-2.978270472480411968e+02 9.090170104003139784e+01 8.562992413845524425e+03
-4.793213539573067123e+02 -2.306964378982135955e+01 9.242981992371536762e+03
-3.776361323271320884e+02 4.006339235881380745e+01 9.087988721946823716e+03
-5.654614994235687391e+02 -3.148705144059562144e+00 9.256974995848628168e+03
-4.666097650318129126e+02 9.388513404937637574e+01 9.288982282124250560e+03
-4.263672060853369885e+02 -4.595459484021228747e+01 9.239985618624459676e+03
-3.924712236285039921e+02 9.515257080288500902e+01 9.257987243688239687e+03
-3.592751554493937078e+02 1.349800734527260886e+02 9.083988474749066881e+03
-3.832883362714122768e+02 1.629516209099024024e+02 9.234986425969369520e+03
-2.314846390247697911e+02 4.400862810560363982e+02 9.349980595014909341e+03
-1.982983345879329136e+02 4.379616553893383184e+02 9.275981856661772326e+03
-3.854080973574294831e+02 4.231468126010440756e+02 9.436974319026747253e+03
-2.554899481351656902e+02 4.748363407555021922e+02 9.368977183322615019e+03
-3.635085399830470010e+02 4.078764754865754867e+02 9.217976597588864024e+03
-2.519643986044563064e+02 4.638266353653713736e+02 9.479978135449593537e+03
-2.434897162172636058e+02 5.049296444705856857e+02 9.454975335650386114e+03
-1.538149054665861115e+02 6.519565888818358417e+02 9.287964758666978014e+03
-1.877016901500674919e+02 5.849931998439712970e+02 9.166970360200277355e+03
-1.545228804266349130e+02 6.269615130781824064e+02 9.351967253191893178e+03
-2.378310270651624023e+02 7.312049678913787147e+02 9.330953574838065833e+03
-1.947683406953921121e+02 6.901128408302321304e+02 9.451959620519402961e+03
-1.834668319287659131e+02 6.748378378573448799e+02 9.269961591558592772e+03
-1.234636445959046966e+02 8.999309612042322897e+02 9.851034800168759830e+03
-1.594617377339997120e+02 7.909524693478190329e+02 9.328048474382039785e+03
-2.724340424007377237e+02 7.570794878783179911e+02 9.537048779988948809e+03
-2.646657906294042277e+02 7.727547168543750331e+02 9.504047222161223544e+03
-2.519565412277736129e+02 7.880093593222974278e+02 9.499045865196481827e+03
-2.743517191351262952e+01 1.015077494701974956e+03 9.076018602105106766e+03
-8.391907875676233175e+01 8.570731987392559859e+02 9.446041352750491569e+03
-3.169224559697257178e+02 8.189768878431243593e+02 9.737039068260746717e+03
-2.837237225232693731e+02 8.388538087366233640e+02 9.435038036000154534e+03
-5.073493299936504286e+01 9.320670206951677983e+02 9.364031160936110609e+03
-1.347519391207625858e+02 9.960766894925210408e+02 9.501020248421575161e+03
-2.166478832822868128e+02 1.060910696897565913e+03 9.478007521315081249e+03
-1.919431063302091900e+02 1.068994119795383085e+03 9.671006960931596041e+03
-3.734013264380519104e+02 8.681287023095068207e+02 9.671029504966312743e+03
-1.262776037721720002e+02 1.063869069284126908e+03 9.440009450254443436e+03
-3.176210064524632912e+02 7.880195014066954400e+02 9.565042939976543494e+03
-3.387989534144056734e+02 8.477690090418369664e+02 9.543034174910340880e+03
-4.016448154675530873e+02 8.630475022539276324e+02 9.693028484578739153e+03
-2.674978886665473965e+02 7.859161403523693252e+02 9.703045494472264181e+03
-2.794927214927607793e+02 9.270220294816494970e+02 9.612025993506485975e+03
-2.286563999847313937e+02 1.013896127623727011e+03 9.623014767993685382e+03
-2.166563289225053097e+02 9.092237292767123336e+02 9.625030998745445686e+03
-1.982984250392557897e+02 9.961019051610829820e+02 9.655018591514251966e+03
-4.079488306007839924e+02 1.408995922574248993e+02 8.415985424676360708e+03
-1.501645756472544008e+03 -1.428763530019778898e+02 8.908022251385420532e+03
-1.560299298068412099e+03 -1.081253565916583028e+02 9.146008899235754143e+03
-1.595607251327443919e+03 -4.201607603531247292e+01 9.210000967425918134e+03
-1.601261917872657932e+03 -3.989655348571920968e+01 9.235999568278773950e+03
-1.571583052827889105e+03 -9.795294888758330387e+01 9.099006298999855062e+03
-1.607613356923644915e+03 -5.684520546312459999e+01 9.211997844961313604e+03
-1.595627609333465898e+03 -1.913404036478986825e+01 9.307001075292910173e+03
-1.651400926371881042e+03 -4.878687932248038805e+01 9.261986754313176789e+03
-1.678924431578177064e+03 -2.293316203349332127e+01 9.228979731099589117e+03
-1.608310629823409954e+03 6.180449862554817742e+01 9.256997624823543447e+03
-1.593508829034944938e+03 7.917716481549655327e+01 9.371001141951224781e+03
-4.023174672978428248e+02 7.859646505923758575e+00 8.585987336833675727e+03
-1.761572472882525062e+03 7.708887388461401713e+01 9.435957077878951168e+03
-1.728400880851411102e+03 1.461582397807449922e+02 9.534964922719223978e+03
-1.734012013980707934e+03 -1.487218180039461934e+01 9.287965055213198866e+03
-1.737602463503551917e+03 1.013021145333435058e+01 9.525964098619841025e+03
-1.734012375840168033e+03 1.241203420689329988e+02 9.382963865750281911e+03
-1.793373273230572977e+03 6.099269841873422848e+01 9.522048025260541181e+03
-1.804642667959881919e+03 8.091082630176877899e+01 9.436044629220012212e+03
-1.898585785383620987e+03 1.088997486792545999e+02 9.571017014288951032e+03
-1.748862831627802052e+03 5.293195282349167741e+01 9.418960812768178585e+03
-1.847695216276436895e+03 9.490245413100268479e+01 9.382032138107024366e+03
-4.213753134306747938e+02 7.692427974519615930e+01 8.572985649087773709e+03
-4.129030690824794192e+02 4.514587562607272275e+01 8.544986506584575181e+03
-1.375657712549441101e+02 1.160855463124496964e+03 9.135992262148132795e+03
-1.065078026624707945e+02 1.152852497017750920e+03 9.403994314034998752e+03
-2.726402818557496222e+00 1.186802333378439016e+03 9.669988965232114424e+03
6.999046324152537579e+01 1.174027821119241025e+03 9.336990946163214176e+03
4.739829302836987068e+01 1.192237200821477018e+03 9.272987767484975848e+03
6.451800510779697184e+00 1.191021778952627074e+03 9.571988172701530857e+03
3.539657263104349738e+01 1.157059027939392990e+03 9.235994337007945433e+03
2.034236785722542891e+02 1.227863155154381047e+03 9.421977936881872665e+03
5.022493098063223727e+01 1.305889477519443972e+03 9.695965450505827903e+03
1.984756601607753055e+02 1.379973370934495961e+03 9.329047514123132714e+03
2.083678304573406876e+02 1.552110794061944034e+03 9.708007560799282146e+03
1.942356048189514865e+02 1.532940399200190996e+03 9.293012639252739973e+03
2.133125692012494881e+02 1.558064888061988995e+03 9.794005945707180217e+03
2.231725940743413901e+02 1.524838931029263904e+03 9.081013634631943205e+03
2.090618502620540085e+02 1.497772015956169980e+03 9.305020545230769130e+03
2.733039256951362859e+02 1.518115514397045899e+03 9.312013302396173458e+03
2.620177675266555752e+02 1.571148695602563066e+03 9.572000912453569981e+03
3.283677815302858107e+02 1.563885701630181075e+03 9.323999630321948644e+03
3.445974753335721061e+02 1.568091062918065063e+03 9.190997737327184950e+03
3.234243685687769130e+02 1.585916077317009012e+03 9.304994430389728223e+03
4.151882912156777934e+02 1.688869353935469917e+03 9.219962641157551843e+03
4.024875145751558989e+02 1.693980403933343950e+03 9.319962098701686045e+03
4.815246350702834093e+02 1.696000799490612053e+03 8.936956082383225294e+03
3.714234615942490905e+02 1.696935025134428997e+03 9.280963190092825243e+03
3.784823628153520190e+02 1.695237630263281972e+03 9.270963228113963851e+03
5.486093992796522798e+02 1.718965005017374096e+03 9.230044138245535578e+03
5.161688411343307052e+02 1.700846155525217910e+03 9.619952112958841099e+03
5.563760462119416843e+02 1.665991546143972073e+03 9.209957943751909625e+03
6.424888445227023794e+02 1.730811130098463991e+03 9.139032179930136408e+03
5.952054633836103221e+02 1.732966785698565900e+03 9.286036175806937536e+03
6.396688057975951551e+02 1.721072959081998988e+03 9.169035104744656564e+03
6.156695100048459608e+02 1.746931079506653077e+03 9.210030417401269005e+03
6.191946688246738404e+02 1.752004447176369013e+03 9.167028680622464890e+03
6.671948402940713549e+02 1.799044816143622029e+03 9.172010729406212704e+03
6.693166617278737931e+02 1.760911477042345950e+03 9.185021173011384235e+03
6.876789117291199318e+02 1.779158477800358014e+03 9.273014153812833683e+03
7.963830045718660813e+02 1.843142838331167923e+03 9.235983329248558221e+03
8.994173357194935079e+02 1.829949965788819100e+03 9.006973461272680652e+03
7.561475984293367674e+02 1.823225315931573959e+03 9.242993951135851603e+03
8.542865156335902839e+02 1.802921115111229028e+03 9.339987381080421983e+03
9.213672312071744273e+02 1.747859907788930059e+03 9.415993429537245902e+03
9.884099073847190766e+02 1.783851642335263932e+03 9.291973425708058130e+03
8.945304394145806555e+02 1.744022112701054084e+03 9.337998289289513195e+03
1.104165418042033025e+03 1.682117619646905041e+03 9.117982175995028228e+03
1.170536238021386907e+03 1.697826961056292021e+03 9.203966203158421195e+03
1.273591302270029018e+03 1.638066882113236943e+03 9.106962162694095241e+03
1.158508362933095896e+03 1.662185519153973019e+03 9.030977793008099979e+03
1.360412416729001961e+03 1.555850457530629910e+03 9.013964904204060076e+03
1.445111039060338953e+03 1.529150396743245892e+03 8.941952789156703147e+03
1.521353673272454898e+03 1.429997838535666915e+03 8.889958150490323533e+03
1.587690916906447001e+03 1.572809243341499041e+03 8.909008917927802031e+03
1.593386119291117893e+03 1.438935293418071979e+03 9.011039183280843645e+03
1.571436151222402032e+03 1.615167134957330063e+03 8.861002321755584489e+03
1.612434825163793903e+03 1.438080650875389892e+03 8.965034598371552420e+03
1.754353572617008012e+03 1.343197599577503979e+03 9.001017967726356801e+03
1.722629209717578078e+03 1.222866373533837987e+03 9.078950270270723195e+03
1.624470323216916995e+03 1.229182355858765959e+03 8.960974739850968035e+03
1.625228624153284045e+03 1.146158218094846006e+03 9.110990047853785654e+03
1.780513569620221006e+03 1.144897081980924895e+03 9.012049498890741233e+03
1.709222467669816069e+03 1.133872379896431084e+03 9.042970343497983777e+03
1.759314169197057936e+03 1.152931384429628906e+03 8.941953327107159566e+03
1.677496099887755918e+03 1.075835108926657995e+03 9.162988826995308045e+03
1.844077356456026109e+03 1.099157309031676959e+03 9.078039549646837258e+03
1.730463411979166949e+03 9.220206531495355193e+02 9.129998851319596724e+03
1.685434434447420017e+03 1.122145559059709058e+03 9.848978777273261585e+03
1.666176701184982903e+03 1.108873157359414108e+03 9.093986112921465974e+03
1.680315044433483081e+03 1.002940867076787981e+03 9.094999987933199009e+03
1.856139804279077907e+03 9.339160810173148093e+02 9.176961871122519369e+03
1.730448100608999084e+03 9.050613006499129369e+02 9.062001286580141823e+03
1.710668731870377087e+03 8.499608879357997466e+02 8.980014202536942321e+03
1.719188875967995045e+03 8.792275593116651180e+02 9.180007950556409924e+03
1.629486896588437958e+03 7.868076820998422818e+02 8.957043527336170882e+03
1.717024599892512924e+03 9.910808575051528351e+02 9.082992092637083260e+03
1.677454594967741969e+03 7.778990078624146918e+02 8.804032211299503615e+03
1.607600611271677053e+03 8.228236248040416285e+02 8.977044514031020299e+03
1.533485952746006888e+03 7.520487220377839321e+02 8.981971866737692835e+03
1.628101395427197986e+03 8.300452944007626002e+02 9.090038393486398490e+03
1.473485539289976032e+03 8.601053676735667750e+02 9.088972293580367477e+03
1.431157502002635965e+03 7.660377932863681281e+02 9.163993927772688039e+03
1.411365665195402926e+03 8.478104132983750105e+02 9.110987957859262679e+03
1.399335248445537900e+03 8.668608973545561867e+02 8.992988031936311017e+03
1.427604352814121057e+03 8.160301073682767310e+02 9.093988506324385526e+03
1.253218562391004070e+03 8.058304021765385414e+02 9.052026362795371824e+03
1.278665682245557036e+03 8.109392761960028793e+02 9.214020680086332504e+03
1.195322245001374995e+03 7.587807567116261680e+02 8.990043230286986727e+03
1.238408816943758893e+03 8.041437423950735592e+02 9.133029463900254996e+03
1.275109123385979956e+03 7.799863545017872184e+02 9.060025254692380258e+03
1.324496299257373039e+03 8.079426504480945823e+02 8.925011723298281140e+03
1.313236788510979068e+03 7.600768567307907233e+02 9.068019946417398387e+03
1.213673662860426930e+03 7.431012431576461950e+02 8.958041622411785283e+03
1.278603365831266956e+03 6.308036562645452250e+02 8.781041084464559390e+03
1.332278476088846901e+03 6.592129294721540873e+02 8.904027249154838501e+03
1.316023776637211995e+03 6.541169989643583449e+02 8.817031139026732490e+03
1.316046413733944064e+03 5.710725216204200478e+02 8.871039129308857810e+03
1.321689801844853037e+03 5.511552195377687440e+02 8.836039720375478282e+03
1.310368381403706053e+03 6.159752251282045563e+02 8.754036104931319642e+03
1.283554681919845962e+03 6.151303099514711903e+02 8.818041627508837337e+03
1.257465158779257081e+03 6.020057409909722992e+02 8.969048070501281472e+03
1.324522418868004934e+03 5.778555642115534283e+02 8.896036767403826161e+03
1.265206195770165095e+03 6.058086454573084438e+02 8.846046179567436411e+03
1.382382222492188930e+03 5.401379270662147292e+02 8.728027827704492665e+03
1.245452822135403949e+03 5.439450356928144856e+02 8.875955060791910000e+03
1.235549913557955961e+03 4.401194595416445168e+02 8.706965005553238370e+03
1.305450132227344966e+03 3.930973525716966037e+02 8.718954193668632797e+03
1.265217528183884042e+03 4.049590211313512214e+02 8.767961539223766522e+03
1.275060247889731045e+03 3.718970453910524157e+02 8.539961596862753140e+03
1.241201573891132057e+03 3.807990987348990188e+02 8.686967736401715229e+03
1.329446115990411954e+03 3.439461457279397791e+02 8.650952093673129639e+03
1.238382211330906102e+03 3.668170331722328115e+02 8.700969104672371031e+03
1.210153813456707894e+03 2.740199561832849895e+02 8.694979182051893076e+03
1.196048378345047922e+03 2.070725713176813088e+02 8.725984367355562426e+03
1.060495375503269088e+03 1.850224139116193101e+02 8.696008967306812337e+03
1.220055510759425943e+03 1.049595466279674980e+02 8.674982333603275038e+03
1.027322179497507022e+03 1.909524211516846890e+02 8.752014209285787729e+03
1.023088443231381007e+03 2.028167250222232099e+02 8.774014521413731927e+03
1.028028447279856891e+03 1.261230526339372062e+02 8.710015710186351498e+03
1.169220439082233042e+03 1.630021036367816123e+02 8.694990610636776182e+03
1.203109206308610965e+03 1.079231751315812033e+02 8.663985495207072745e+03
1.287135177263970036e+03 -2.680562090684624010e+01 8.636969989340062966e+03
1.368342084829921987e+03 1.006855920145483019e+01 8.740953175841641496e+03
1.755154911172491893e+03 8.542115667358084465e+02 9.019001578162840815e+03
-3.945854792026315181e+02 -2.171417214369849091e+02 8.983984120044944575e+03
-9.233826862116594612e+02 -1.302361157851836992e+02 8.794031598051260517e+03
1.318162599168364068e+03 7.498978187003106086e+02 8.983020137913161307e+03
1.141675074623452019e+03 2.600289494201243770e+02 8.694992363912864676e+03
-5.937141839547211930e+02 -1.807335339019942033e-01 9.366972436147552799e+03
-1.248665902171616011e+02 8.350236701471518472e+02 9.337043614236819849e+03
-5.223738671273390537e+02 -1.289988139942965972e+02 8.956977353570444393e+03
-5.774517065823539497e+02 -1.929797116088101063e+02 8.985970998154749395e+03
2.930668963400393068e+02 1.563868328517671898e+03 9.258001347941590211e+03
3.530638831365361057e+02 1.615112774982505016e+03 9.133985514667801908e+03
-6.014891762391581551e+02 -3.421445306532572204e+02 9.222962512422043801e+03
-5.605240958507760070e+02 -2.980722892479175243e+02 9.115968450892849432e+03
-5.485375470142799941e+02 -3.849479864473648263e+02 9.251964829559952705e+03
-6.127742193154099368e+02 -3.421368730689580957e+02 9.093961440508701344e+03
-5.866581287896200365e+02 -4.298548299373886152e+02 9.128958570309052448e+03
-7.116616168076856184e+02 -6.451162887987341037e+02 9.223027310485225826e+03
-6.304693635107561249e+02 -7.459783309836692524e+02 9.261024809584028844e+03
-6.495247806160716664e+02 -7.069841802777065141e+02 9.190027352420082025e+03
-5.754062929487461133e+02 -8.790490447576304405e+02 9.332013014845822909e+03
-5.365751679459432353e+02 -9.061801433616102486e+02 9.392012587154407811e+03
-4.885494756982905074e+02 -8.121037787327827573e+02 9.356029135366283299e+03
-5.535124384276939509e+02 -1.002767081411966046e+03 9.207996656018682188e+03
-6.516874278402920027e+02 -1.062962346632886920e+03 9.384977638260999811e+03
-2.865957225828663013e+02 -9.269437855500002570e+02 9.314025686965342175e+03
-3.713473133742272125e+02 -9.740111139953988868e+02 9.534014300656430351e+03
-2.505901275563859087e+02 -9.498541883403540851e+02 9.493023823672718208e+03
