 x(m) y(m) z(m) time(s) chi2
       -729.8499920665482       -59.90929760360491        8123.958056319076        82156.29979386700        1.879999995231628
       -866.8168698166531       -189.1188333843262        8136.038521783687        82156.32339363400       0.5899999737739563
       -132.6158486209905        115.0395788545366        8037.997584620189        82156.36009639000       0.2099999934434891
       -107.9049195445157        179.8557700719697        7866.996547512821        82156.36457987600       0.2099999934434891
       -77.55188215079538        195.9563989716216        7929.996512378330        82156.36764372500     0.009999999776482582
       -54.25489096080728        220.0968612160034        7695.995963208890        82156.37653322800       0.3600000143051147
       -117.7814990169302        307.7888580924391        7626.991470786462        82156.38571791200        1.690000057220459
        1728.052498091553        1118.893143333144        8178.967888213925        82156.42432082399       0.6399999856948853
        1472.545689668861        804.0386230805125        8035.979803782638        82156.42950265401        4.159999847412109
        1109.073235232753        357.0180561798201        8030.993877737638        82156.47031815301       0.4300000071525574
        775.7100952874977        131.1365710766617        6425.951574148314        82156.47115352600       0.4199999868869781
        501.2526373502209        137.9164252100020        7410.978852187139        82156.48511863500        4.289999961853027
        996.0687631130205       -225.0873530074329        7255.018508123391        82156.49118478400        1.440000057220459
        1045.373403758625        1458.060309892815        7743.047277883963        82156.49707493900       0.5299999713897705
        970.6341925457860        1002.234015846654        7927.047580630490        82156.49827049200       0.1700000017881393
        885.3276283339274        357.0050804803906        8219.028293668445        82156.50176616800        1.710000038146973
        1458.170579718004        1853.766508984666        7613.963556870220        82156.52488337400        1.399999976158142
        2328.206277303907        529.1053432986307        6308.953831210996        82156.55037573600       0.7900000214576721
        3297.150906427437        268.0539008224167        6165.043743502933        82156.61178079600        1.049999952316284
        3636.431516666672        911.1394383783507        6311.000319118767        82156.66695076801        1.009999990463257
        3772.447305838654        997.9828798608480        6066.008502635387        82156.67995108300        2.549999952316284
       -42.96115850753586        251.8729173290279        7762.994870669441        82156.68056432300        1.909999966621399
