 x(m) y(m) z(m) time(s) chi2
       -135.4737310419230        524.8833727522536        9927.976923972305        82223.65811059999       0.5899999737739563
       -80.39277660896204        420.1741786077723        9454.985625697032        82223.65883400000       0.5099999904632568
       -90.27817855610353        423.1436028632703        9499.985297154517        82223.65894275199      0.01999999955296516
       -84.62998886976932        415.9406986212957        9517.985849226363        82223.65911454700       0.6999999880790710
       -93.80755347266552        406.1881956576699        9424.986350821891        82223.65935723099        1.320000052452087
       -135.4792818082430        610.9444634045934        10247.96924699317        82223.65997367501       0.4600000083446503
       -299.9683656001696        538.8245493541723        9362.970155937934        82223.66095997801       0.2899999916553497
       -457.4228747278312        526.9743216863146        9467.961823499747        82223.66195956100       0.3600000143051147
       -562.6270649549818        482.9085651129407        9468.956928013804        82223.66268439501       0.4199999868869781
       -602.8644572232076        585.8846873244976        9457.044224272866        82223.66397525200        1.419999957084656
       -644.5129854796206        570.2000191546829        9366.041585559529        82223.66473968999       0.6399999856948853
       -665.7091996252676        571.0620959699987        9512.039338007206        82223.66519874800        1.450000047683716
       -615.6062686800151        629.1461636009573        9829.038884533971        82223.66539635901        1.960000038146973
       -693.9452443338818        652.0035719344032        9511.028559216278        82223.66587068600       0.6399999856948853
       -478.6037817752248        420.1814858884387        9387.968218785643        82223.66830687399      0.09000000357627869
       -426.3555363333589        353.2220907490305        9333.975984117442        82223.66947449499        1.500000000000000
       -466.6130562231922        440.9575458645162        9567.967700473020        82223.67012618799        1.389999985694885
       -468.7201666325955        296.0164299107635        9318.975936552815        82223.67026234300        3.440000057220459
       -369.8733831018437        321.0147231687479        9341.981206775567        82223.67039796000       0.5400000214576721
       -480.7223157336352        379.9231831905308        9365.970590172050        82223.67048902900       0.3000000119209290
       -396.7109854631518        251.0991018700574        9417.982740529602        82223.67113317100       0.3899999856948853
       -419.3060499190114        335.8560412571068        9489.977390911439        82223.67139013400       0.1899999976158142
       -493.4275974637159        321.8647205179724        9279.972822807495        82223.67173643201      0.07999999821186066
       -570.3863111301824        326.1066028221667        9280.966204903096        82223.67183462701        1.779999971389771
       -437.6593800387101        349.8381142295506        9434.975407687129        82223.67202967200        1.129999995231628
       -373.4127661764478        201.9419033057019        9417.985893043147        82223.67225398900       0.1500000059604645
       -406.6055727851336        201.9470429844804        9536.983868621530        82223.67260056200        1.169999957084656
       -435.5357509075722        320.1696463406853        9334.977113895209        82223.67315788400       0.9800000190734863
       -445.4247730302071        301.1034335856652        9383.977363383250        82223.67343482299       0.3000000119209290
       -362.8163347762258        265.9272015241830        9365.984151196566        82223.67352460000        2.210000038146973
       -515.3674811425775        121.0174311665281        9795.978081807963        82223.67483907301        1.870000004768372
       -558.4083978568187        67.19478502496104        9390.975262293034        82223.67582038201       0.3300000131130219
       -573.9475181445129        40.92293677122029        9433.974109688263        82223.67623852100        2.390000104904175
       -535.8057675221339        98.12669586226583        9313.976794240347        82223.67654870200        1.080000042915344
       -569.7243244847948        90.92918429540714        9616.973970152814        82223.67736684300       0.4900000095367432
       -572.5494889117916        101.9477337874009        9632.973550933708        82223.67772660599       0.1899999976158142
       -621.9683673285995        90.93139392269329        9541.969101550616        82223.67783110200       0.1099999994039536
       -416.4834147369563        76.08582162065903        9339.985981393100        82223.67794583000       0.8500000238418579
       -680.5692237925499       -3.988759268292764        9433.963780696819        82223.67998290100       0.8199999928474426
       -732.8078502468830        1.100255797462214        9334.958007819974        82223.68066420800        1.639999985694885
       -695.3930221830226        6.182568129076780        9403.962183819211        82223.68101959099        1.039999961853027
       -346.5904369588703        32.86055372964597        9456.990522004975        82223.68112839700       0.5699999928474426
       -723.6255800505742       -20.93557060465794        9290.959018950554        82223.68173424900       0.1700000017881393
       -319.7588617369611        42.18240379937066        9456.991865115882        82223.68231344600        1.230000019073486
       -782.2528989422779        24.83518418299717        9512.952102921236        82223.68243141400        1.559999942779541
       -351.5383933462341        1.078503285964169        9532.990336745759        82223.68289582600       0.9200000166893005
       -369.8941612227063        29.89531595172068        9504.989231102440        82223.68336800000       0.3799999952316284
       -303.5246404539059        29.04571983945891        9568.992729967678        82223.68405356900       0.1299999952316284
       -342.3562616838641       -14.17734909200780        9468.990819164226        82223.68479022601       0.8500000238418579
       -373.4210729858937        68.03406369434431        9469.988732644593        82223.68516159900        1.679999947547913
       -192.6551198468729        490.9462111695505        9479.978163380531        82223.68633489400        1.690000057220459
        99.65029201670832        540.9461716800392        9445.976235948721        82223.68917646400      0.09000000357627869
        24.10397072811866        524.8567911922811        9616.978314693539        82223.68958711901       0.3899999856948853
        103.1830477767612        513.8365275348253        9583.978426703135        82223.69094629900       0.1199999973177910
        67.17230333494905        626.1294074530038        9518.968850209341        82223.69112505901        2.799999952316284
        4.334096548998388        493.0718354721561        9592.980900211229        82223.69145544901       0.2000000029802322
        104.5938747807209        657.0732593405646        9600.965228798512        82223.69195574601       0.3700000047683716
        81.29563853322497        744.8156303055151        9784.955906052322        82223.69305237400       0.6600000262260437
       -74.74697935485135        473.1641083358959        9717.981976211786        82223.69354151101      0.07000000029802322
       -14.72993462810455        474.8562633351150        9681.982269996994        82223.69395854700        3.670000076293945
        131.4201113649575        772.7503452172764        9490.951740061404        82223.69409544401       0.8199999928474426
        24.10451514002360        504.9497947797539        9747.979925507794        82223.69418849400        2.720000028610229
        117.3025448446121        733.7802902617112        9634.956627623820        82223.69454266901        1.879999995231628
        74.23458481738101        754.1358927307269        9759.954894312990        82223.69564926501        4.349999904632568
        90.47294949110854        710.8977918748858        9649.959660454821        82223.69576891301      0.01999999955296516
        137.0663533509939        826.1372977982809        9432.044524834628        82223.69787479100       0.7699999809265137
        280.3929843281450        863.8703449174897        9543.034837782496        82223.69849080800       0.7500000000000000
        131.4199055761330        996.9446947664018        9632.020183508197        82223.69931088400       0.5500000119209290
        105.2961850684234        1016.859262916963        9616.017516480870        82223.70214378300        2.309999942779541
        155.4252772490598        932.1024256290947        9598.029470624406        82223.70235501201       0.5099999904632568
        142.0103655875778        1099.086326634884        9699.003140172805        82223.70249896600       0.3799999952316284
        141.3029623229770        1096.108834371498        9635.003668320947        82223.70293997601       0.1299999952316284
        190.0166029119813        1069.820291143015        9544.006877810873        82223.70341389001        1.029999971389771
        69.28620921503601        1096.922841792553        9445.004711124724        82223.70402210300        3.009999990463257
        29.04459227441243        1185.952212565622        9655.989058062267        82223.70477481800     0.009999999776482582
        17.74819530420893        1236.808953265295        9673.979420761487        82223.70579997799       0.4600000083446503
       -181.3503160272590        1182.141763342501        9665.987261446509        82223.70871000600        1.669999957084656
       -187.7001190673032        1177.875793903808        9512.987866389694        82223.70879822600      0.01999999955296516
       -228.6513024773980        1240.193930989548        9632.974697937800        82223.70907659600       0.4000000059604645
       -146.7561313441938        1174.943770726569        9702.989482388175        82223.70939848800       0.2700000107288361
       -327.4951936059101        1247.832437089402        9671.968907433467        82223.71003824500       0.7099999785423279
       -307.7319097629301        1183.853523602847        9737.982111480436        82223.71012520700       0.3400000035762787
       -380.4413848613800        1121.941760656757        9498.989408844613        82223.71035296500        1.850000023841858
       -361.3818193553651        1144.835751897348        9561.986438817858        82223.71113195299       0.1899999976158142
       -377.6383960902629        1102.083998542062        9841.993050111922        82223.71124267799       0.2000000029802322
       -460.9272303715833        1157.971871631567        9533.977661275403        82223.71177350100        4.230000019073486
       -235.0022174499876        1207.118717213583        9522.980824270726        82223.71225955000        3.269999980926514
       -356.4421297272945        1191.888187167197        9636.978080446881        82223.71234054099        3.180000066757202
       -388.9141929052517        1119.825029793750        9508.989272066299        82223.71311038900      0.03999999910593033
       -469.4099172083517        1046.956140726440        9602.996274340168        82223.71320433100       0.2399999946355820
       -460.9327284877259        1027.025295092151        9522.000136925559        82223.71414709000       0.4799999892711639
       -350.7854385620262        996.9061000149790        9350.011914493856        82223.71424624600       0.8899999856948853
       -528.7203933980464        1021.114523883972        9636.995844050864        82223.71448922501       0.3199999928474426
       -416.4539301213387        974.8953070501581        9493.011386170991        82223.71473411100        1.370000004768372
       -400.9190161837902        1038.036303013952        9496.002394722107        82223.71594286700       0.1400000005960464
       -462.3360687647956        976.9970759668491        9368.007909238699        82223.71604175700       0.7200000286102295
       -609.9160396758690        1024.937082344229        9659.988000964651        82223.71640015300      0.05000000074505806
       -668.5142818915675        1019.003503885802        9630.983095440224        82223.71688495400        2.359999895095825
       -635.3423757900352        938.0692502127628        9692.998920972244        82223.71702447699       0.1599999964237213
       -748.3338897068936        938.9558763989637        9901.986569111152        82223.71826665400      0.05999999865889549
       -780.7907378782429        894.8541694047101        9689.989037616375        82223.71873664400        4.050000190734863
       -739.7929971403721        846.0579100382910        9251.000578491994        82223.71886049700        1.429999947547913
       -697.4765522984463        899.9327484035933        9687.997951758118        82223.71951548700       0.1099999994039536
       -921.2844571515136        980.0448820128183        9679.957792301926        82223.72035484800        2.269999980926514
       -927.7195988672621        952.1565800856212        10217.96110655495        82223.72194481701        1.470000028610229
       -927.6653207763627        844.0246143854897        9770.976361634350        82223.72261339999      0.02999999932944775
       -941.7886897677174        808.8507335924529        9761.978863897541        82223.72358236600       0.4300000071525574
       -894.4665268549076        854.1797801009596        9677.979735180690        82223.72373261400       0.6700000166893005
       -927.6663163153479        890.2224615739390        9808.970068720613        82223.72612435100        3.720000028610229
       -976.3916048248518        799.1112146160145        9793.974904809533        82223.72701975700        1.580000042915344
       -1039.948487692737        780.9019080508729        9848.967145650371        82223.72793221600       0.3000000119209290
       -1025.840746292071        783.0300223923626        9935.969164733850        82223.72843447200       0.1199999973177910
       -996.8933970714480        796.1673533496795        9957.972113711607        82223.72907519800        4.190000057220459
       -1004.639586795167        799.1184314464120        9827.970529021399        82223.72934034299        1.710000038146973
       -1146.587827818497        786.8630855482373        9977.048768837565        82223.73213217700      0.02999999932944775
       -1245.489438865388        739.8597303051433        10199.03591352522        82223.73373774100       0.1199999973177910
       -1146.551713566206        874.9936329504369        9835.037267174788        82223.73394076699       0.3400000035762787
       -1190.343984099622        836.0184510008957        9896.034505322841        82223.73415004900     0.009999999776482582
       -419.9848824452187        974.8974538456183        9506.011155081918        82223.74042767700       0.4099999964237213
       -35.90884802230046        1238.911157443969        9587.978934104194        82223.74320473699       0.2000000029802322
       -749.7694559441552      -0.1696893122001368        9468.956042436155        82223.75347839300       0.3600000143051147
       -276.6926911752873       -190.8874868888573        9415.991150966551        82223.75432861500       0.5699999928474426
       -771.6366814235840       -46.78043551382122        9258.953267530031        82223.75469910000       0.2700000107288361
       -682.7056735941637       -115.8634222763629        9528.962500176205        82223.75488850899        2.380000114440918
       -245.6241468203169       -126.9012547690363        9452.994017322213        82223.75522818101       0.3499999940395355
       -182.7736788499664       -84.94687371326022        9207.996820812868        82223.75554262700       0.9800000190734863
       -861.3600381156796       -201.8742607187484        9544.038392680528        82223.75694598100        1.480000019073486
       -97.34080708006107       -121.8151813281195        9264.998093326067        82223.75809864100        3.829999923706055
       -276.6921440920943       -359.1132395221646        9289.983882205526        82223.75867501300        3.269999980926514
       -271.7504878906037       -379.8778227923137        9299.982888688377        82223.75929427599        1.539999961853027
        43.16780485209907       -115.0342204348189        9189.998814703651        82223.75945677199       0.8899999856948853
       -274.5818713566777       -409.1258600796297        9442.980955268473        82223.75997438301       0.2099999934434891
       -210.3241517577581       -460.8216216957265        9375.979858619959        82223.76105328801       0.3799999952316284
        41.04996915970727        45.14272436968378        9354.999708140756        82223.76125108500        1.799999952316284
        17.74949611805450       -23.92941996780570        9292.999930381699        82223.76141202600       0.3899999856948853
       -166.5469727407781       -417.1820790938276        9476.984158975481        82223.76200739300       0.6999999880790710
        187.2045051488664       -89.18374911736666        9171.996634645284        82223.76276723100        1.360000014305115
       -264.6973834982131       -451.9260378609541        9441.978477006704        82223.76285225700        2.619999885559082
       -270.3532306546581       -465.0737522597460        9595.977293804392        82223.76325804699       0.5099999904632568
        166.7290906920763       -59.94611772689201        9207.997543897223        82223.76382236100       0.5099999904632568
        135.6612293160542       -84.09933852266225        9144.998005194966        82223.76405360700       0.3899999856948853
       -144.6610245732315       -543.0475992613967        9560.975197552116        82223.76458083600        1.149999976158142
       -147.4844382752941       -567.1965549617639        9494.973026601121        82223.76488332900        1.190000057220459
       -231.5125804327493       -570.1563976426745        9440.970271682816        82223.76498191300        1.789999961853027
       -77.57681618560372       -723.1283897363525        9365.958450263463        82223.76764006101       0.7200000286102295
       -101.5848098230914       -757.0222792930476        9311.954172423586        82223.76783975599       0.3700000047683716
       -42.97508459784378       -887.9282636936463        9067.037525591915        82223.76840890999       0.9200000166893005
        159.6615449311234        1001.185242706404        9647.018875298094        82223.77725668300       0.1000000014901161
        21.27812273780009        1265.195559167515        9640.973830154802        82223.78104076300       0.3499999940395355
        64.34432743285227        1358.849466288016        9636.954236795558        82223.78228869299       0.2599999904632568
        111.6435718200213        1380.849401975855        9467.049433092150        82223.78279253301       0.1700000017881393
        37.51625745899867        1416.075136340284        9709.042563975294        82223.78330811299       0.3799999952316284
        101.0542895491272        1407.981511710497        9518.043666329231        82223.78356262200       0.3300000131130219
        130.7058237658740        1377.889353502168        9495.049714009325        82223.78378337600        1.990000009536743
        2.215649541725615        1352.878548351124        9458.955828041784        82223.78391915601        1.840000033378601
        71.40245621677927        1354.150322219889        9459.955159336085        82223.78412871600        3.980000019073486
       -2.726231407237672        1482.128536129497        9467.027628868935        82223.78498903100       0.1599999964237213
       -25.31804163159756        1504.196481904713        9603.022406080907        82223.78521993200       0.6600000262260437
        278.2555373917339        1421.112044132071        9474.035491271268        82223.78649821899       0.1599999964237213
        207.6572649318061        1437.216929692968        9490.034557928120        82223.78669426500       0.3199999928474426
       -81.79564718473824        1527.898373739214        9479.016284004820        82223.78749336999       0.6299999952316284
       -84.61750586232623        1538.033010409861        9331.013802035646        82223.78759656601        1.289999961853027
       -173.5714237934000        1530.007860308406        9435.013943369688        82223.78836060500       0.6999999880790710
       -214.5195336986824        1482.975694777578        9455.023833372268        82223.78896414700       0.2800000011920929
       -241.3442380189008        1516.867454317922        9413.014889083388        82223.79002768800       0.8100000023841858
       -73.32067148135329        1590.979148914030        9238.000923953425        82223.79070876801        1.360000014305115
       -128.3863800592743        1643.135022343519        9369.986808567830        82223.79089219900        1.590000033378601
        110.2205338401051        1729.073551393949        9059.964369751038        82223.79177855400        1.679999947547913
       -50.72724829533880        1690.895987167498        8906.975370624643        82223.79266647300       0.8100000023841858
       -76.84662202590579        1794.752909442672        9061.046284863012        82223.79289742300     0.009999999776482582
        33.27592998562905        1749.851248377700        9114.959556501306        82223.79335904600       0.5799999833106995
        83.39508674334972        1779.069878661775        9043.950996013644        82223.79378468600       0.5600000023841858
        119.3966890293401        1721.857943686887        9014.966159558835        82223.79390705300       0.2099999934434891
        142.6917871927903        1784.159380206484        9058.048132857042        82223.79551596400      0.07000000029802322
        344.5737008128110        1718.005565166412        8850.959024408165        82223.79703310900        3.930000066757202
        352.3230418944664        1968.815870194638        8738.985558141429        82223.79724373200       0.3600000143051147
        248.5694840535342        1896.829333702336        8902.012303894306        82223.79786157400        1.830000042915344
        426.4456960218166        2179.067360762833        8987.013127952347        82223.79831337401       0.3899999856948853
        410.1961020076041        1979.799987748469        8626.978693863297        82223.79864680000       0.3199999928474426
        272.5597116923350        2065.858975622524        8783.958697064625        82223.79873659401       0.3799999952316284
        379.1371884558270        2215.851115802575        8760.003393546898        82223.79882819200       0.3700000047683716
        558.4225258959231        2114.993775926761        8696.024561642786        82223.79905510700       0.7099999785423279
        459.6189226411806        2048.094102291878        8858.953732217500        82223.79960338700       0.4000000059604645
        556.3128413097872        2090.866271138253        8770.032722481283        82223.79967775200       0.1099999994039536
        489.2552665469435        2023.048144719144        8708.959535906195        82223.80001616300       0.1899999976158142
        267.6128999436143        2162.865884365106        8711.027259092962        82223.80038813200        2.869999885559082
        490.6713402866598        2009.928221188260        8756.963587029477        82223.80066934699        1.730000019073486
        309.2523126901237        2331.082365647764        8711.965988263688        82223.80089692600       0.9900000095367432
        219.6237117248363        2299.844921391111        9043.981082414264        82223.80100356000        1.389999985694885
        465.2490461224270        2314.174674632984        8806.962716825554        82223.80120961501       0.8100000023841858
        511.1359603664660        2159.937027276561        8791.013427800157        82223.80134827300       0.1299999952316284
        479.4017819754585        2196.942283147057        9206.003245091089        82223.80160242799       0.7599999904632568
        711.6118827407195        2014.197156784292        8813.042053040139        82223.80272262701       0.3899999856948853
        636.0927162226890        1918.013586761089        8834.979141765780        82223.80286703900        4.320000171661377
        489.2517369921704        2435.835263101019        8941.015143035738        82223.80325626100        1.750000000000000
        651.5951608634845        2443.890143907353        8925.997570315156        82223.80342783099       0.2500000000000000
        728.4844170623734        2506.881737601228        8545.964739653789        82223.80422369800       0.1400000005960464
        730.6209533359304        2504.828715329202        8711.965318189898        82223.80475495099      0.03999999910593033
        767.3180184889073        2442.935415156291        8623.985071713943        82223.80488256300       0.3899999856948853
        728.5070761041188        2476.020587512300        8723.976833731129        82223.80530237799        1.960000038146973
        767.3145984993033        2609.911393639719        8708.018401882329        82223.80631276300      0.09000000357627869
        852.0363372916366        2426.048785310169        8766.980814336002        82223.80654908300        4.329999923706055
        823.1005182163184        2406.135982386609        8778.992165653010        82223.80701111900       0.1800000071525574
        807.5517544332376        2418.788084784198        8625.989340154832        82223.80716984200       0.1099999994039536
        768.0317777958909        2790.085091376422        8924.042484285448        82223.80726555100      0.09000000357627869
        743.3304062988707        2804.079414887067        8954.039256423222        82223.80769265900       0.3499999940395355
        761.6833875605404        2734.150524793415        8919.966933089789        82223.80839771700        2.890000104904175
        802.6265757366225        2707.045440567994        8943.973513657786        82223.80893737300       0.1099999994039536
        791.3308348258128        2726.109378727414        8936.966783618240        82223.80909633600       0.9200000166893005
        720.7489232823996        2695.165934249229        8923.988307630132        82223.81011762600        2.400000095367432
        704.5330707210185        2754.151820686542        9128.964882653072        82223.81066238100       0.3799999952316284
       -349.4460575829889       -510.8439453236176        9662.969952054797        82223.88229523800       0.8199999928474426
       -428.5387592046810       -515.0830825253977        9719.964799319465        82223.88457202300        1.669999957084656
       -436.3051064245631       -518.0474011291570        9697.964033433762        82223.88480957400       0.2399999946355820
       -461.7187506140078       -459.9834166596237        9627.966709513546        82223.88550200700        2.440000057220459
       -443.3733564610525       -726.9650651759979        9654.042723956502        82223.88618777000       0.3100000023841858
       -377.6992484463142       -768.0691017723120        9612.042112648936        82223.88714424800       0.4799999892711639
       -479.3853272205271       -732.8920319463102        9618.039445554828        82223.88735922900      0.07999999821186066
       -449.7332638577832       -741.8031001743867        9707.040568319964        82223.88754928400       0.3000000119209290
       -472.3253940829904       -865.9481448719483        9551.023258712474        82223.88771039700       0.3600000143051147
       -442.6643238395272       -532.0356579944835        9743.962442780030        82223.88927252000       0.1099999994039536
       -576.8580276281052       -996.9087407363088        9689.995520624243        82223.89019809100        2.329999923706055
       -563.4368265631408       -1007.072627879188        9641.995116491627        82223.89034467599       0.9100000262260437
       -497.7511991226042       -926.1234933235913        9561.012858859103        82223.89097481400        3.329999923706055
       -552.8407367919630       -1018.084041757163        9595.994288853357        82223.89136034100        1.100000023841858
       -560.6063656596128       -1060.027841215483        9540.986764591937        82223.89144242099       0.2300000041723251
       -562.7243443302865       -1009.179970139649        9568.994844257155        82223.89190115601        3.309999942779541
       -808.5173497504599       -1212.188070020273        9779.033656089048        82223.89335765500       0.3100000023841858
       -758.3757462831975       -1224.903418333846        9767.037364750113        82223.89424583700       0.3100000023841858
       -702.5992208139592       -1360.950426282439        9806.016102727821        82223.89453244100        1.580000042915344
       -604.4236826682034       -1443.982870744673        9646.007836205541        82223.89486436300        3.490000009536743
       -651.7626492308186       -1612.245474961719        9752.962793708366        82223.89610712300        3.579999923706055
       -662.3688352149694       -1827.942862937698        9729.003022467623        82223.89667277700        1.200000047683716
       -730.8866116138397       -1779.239444066540        9859.009364462921        82223.89672887301       0.4699999988079071
       -915.9742956632873       -2144.131522795681        9935.973666510068        82223.89714465500       0.1599999964237213
       -686.4289456038567       -1970.862209373455        10074.95785500267        82223.89752104301        1.759999990463257
       -717.5178317300109       -2214.101709069259        10013.97506500088        82223.89766641300       0.5199999809265137
       -921.5986981403422       -2138.985969340940        9758.974577759967        82223.89775687300      0.05999999865889549
       -658.9137282271635       -2042.143004933924        10324.03888031830        82223.89826713300       0.4499999880790710
       -639.8010161450385       -1978.031586911068        9950.960459640266        82223.89839861200        1.539999961853027
       -635.5839105326610       -2056.060230377221        10106.03674913562        82223.89869890999       0.5500000119209290
       -605.9034422994820       -2092.024480042585        9920.027901135254        82223.89922062100       0.3400000035762787
       -681.5128644367848       -2126.874942602705        10233.00875992374        82223.89937371601       0.4699999988079071
       -1100.351417255372       -2309.843646147982        10013.98623741284        82223.90038254599       0.6999999880790710
       -674.4470936303411       -2223.050396297820        10144.97664236987        82223.90072627499        4.079999923706055
       -469.6268037702622       -2309.997743517288        10294.96401526100        82223.90118090701       0.2199999988079071
       -693.5134249078160       -2337.009626264661        10026.03338517686        82223.90201242801      0.05999999865889549
       -602.4102448258468       -2603.144048665191        9982.038948590356        82223.90247255600        2.549999952316284
       -777.5738878234376       -2567.089648074698        9935.034686999228        82223.90274957100       0.2599999904632568
       -842.5872351716386       -2543.027747548939        10185.03613186017        82223.90298548200       0.1299999952316284
       -903.3005818641200       -2498.864640383219        9978.045316158097        82223.90325765600       0.1899999976158142
       -814.3097633963270       -2529.823342083270        10012.04504150117        82223.90472330700      0.07000000029802322
       -752.8942926638591       -2749.847698310633        10168.96133461181        82223.90525223200       0.3799999952316284
       -686.4916214795830       -2554.091844458314        10265.95076141972        82223.90613532301        4.750000000000000
       -912.4698665355369       -2675.074784808269        9767.972379064595        82223.90644310899      0.05999999865889549
       -1070.715918566380       -2753.936318460797        9894.014807922606        82223.90734884400       0.4900000095367432
       -1079.917189439768       -3061.984875000840        9797.972125526152        82223.90795871201      0.05999999865889549
       -938.6581309624479       -2956.123997054812        9949.044483581671        82223.90817843701       0.6800000071525574
       -854.5831667984281       -2997.164161472287        9788.037060725548        82223.90855313301       0.6100000143051147
       -902.6197325597130       -2953.963458012225        9851.951054169889        82223.90875637600       0.2300000041723251
       -660.3569715122792       -3090.049396766073        9914.015668457281        82223.90992350499        1.210000038146973
       -822.8173240338826       -3035.792309271599        9916.022936544854        82223.91047120100       0.2099999934434891
       -683.6741029056099       -3082.877189014015        9984.016704436872        82223.91062681899       0.4099999964237213
