 x(m) y(m) z(m) time(s) chi2
       -747.2825487115887        705.9481581324436        6792.017246737480        82223.72158526600        3.599999904632568
        113.0262070602730        575.0739889963268        7264.973012231014        82223.72327935899       0.8999999761581421
        414.4130714483996        1025.035217397624        7704.004102738084        82223.73613550801        1.210000038146973
        300.0919349614476        528.1030613355252        7825.971041785125        82223.74450699500       0.1199999973177910
        557.0176729963367        792.0588883177691        7883.026534842370        82223.75016332899       0.5099999904632568
       -110.7148613259302       -186.1539037764364        6831.996317733226        82223.75642711700        1.169999957084656
        56.56168305162374        781.8125781256716        7375.951717684071        82223.76154960800       0.5500000119209290
        1128.706035260715        1067.043632432885        7759.011083001531        82223.76798126700       0.5000000000000000
        846.3952143339385        969.1612343823551        7826.970260445860        82223.77026607499       0.1299999952316284
       -356.3234100875934        947.8752956187205        7343.019562030277        82223.77261583800      0.02999999932944775
        294.4003135196436        1010.120051009715        7181.013134422297        82223.77361743800        1.100000023841858
        1302.341699501303        1091.219814231951        7792.973967979920        82223.77420328801       0.4099999964237213
        298.6419566663840        1332.990173783275        7549.953495086188        82223.77513733901       0.6499999761581421
        277.4984199879037        528.9387940547416        7694.971992481885        82223.77654529001       0.1899999976158142
        831.5739372914799        964.9244314626807        7833.972849647742        82223.77820851600       0.1700000017881393
       -96.59625796037247        895.7721834333280        7405.036312854508        82223.77856073200       0.8700000047683716
        209.0241795727041        631.0233017640634        7568.965292704442        82223.77955644899       0.3499999940395355
        55.15019585599510        777.1539141605572        7385.952300814446        82223.78055082500      0.05999999865889549
        382.6496010811867        1027.147921759322        7678.005741904341        82223.78620621801       0.3400000035762787
       -732.4713468279037        1308.810923724363        7280.023615555107        82223.80961275101       0.1099999994039536
        831.4482936295381        1682.893948280444        7352.023173411982        82223.81186239900       0.1599999964237213
        1010.675993043130        1795.990789123327        7251.966424413692        82223.81361069799       0.7699999809265137
       -734.6042441085505        1313.075963967682        7419.022495910261        82223.81735610600       0.2300000041723251
       -937.3132051175110        68.05338081058736        7632.031015443780        82223.85873976701       0.3499999940395355
       -758.5787737897472        1299.906555167920        7229.022394581861        82223.86124242999       0.1400000005960464
       -1031.889259726385       -838.8628377609790        6945.961501657322        82223.91567041400        3.519999980926514
       -548.3478972340687       -89.98990442156929        7239.975843361577        82223.94504784601        1.450000047683716
       -501.7752446010313       -86.18229953141682        7413.979722237820        82223.94515794500      0.09000000357627869
       -472.8344721661326       -153.1157469370673        7366.980669711928        82223.94574295900       0.1199999973177910
       -1745.012410653868       -1865.132195458232        6953.988412525236        82223.96506417300       0.2000000029802322
       -1706.817213892267       -1879.033310377324        6667.994613037064        82224.00534947299       0.5299999713897705
