-3.486377997603215135e+03 1.705959322720470936e+03 8.966021035035624664e+03
-3.202703988826463956e+03 1.736852215127365071e+03 9.187960907723199853e+03
-3.303544829668221155e+03 1.858889340705959057e+03 9.062974716386230284e+03
-3.283758366916858904e+03 2.011871618433031927e+03 9.125038985310877251e+03
-3.258335365419829031e+03 1.977102277101718073e+03 9.080962293450273137e+03
-3.180746450336037924e+03 2.119948421271947154e+03 9.297955423086834344e+03
-2.983890429146646966e+03 1.913958621895590113e+03 9.360015996516842279e+03
-2.650717207350419812e+03 1.924052473968760978e+03 9.434959565262061005e+03
-3.012626416449886165e+03 2.227044914606808106e+03 9.131000242450720179e+03
-2.633769856286315189e+03 1.987198155623065986e+03 9.466047756475827555e+03
-2.782672719995302941e+03 1.738836749170834082e+03 9.181956763567057351e+03
-2.780590532236784838e+03 1.624849727426671961e+03 9.186987791271372771e+03
-2.761533982388928962e+03 1.643070672848413096e+03 9.207991374914061453e+03
-2.721409120969382911e+03 1.744002800496261898e+03 9.542981764773112445e+03
-2.726279999212486928e+03 1.610875632381020978e+03 9.287014743370269571e+03
-2.828582637463965966e+03 1.701144967880389913e+03 9.212047394712437381e+03
-2.705750029772133985e+03 1.654912518387574892e+03 9.181012152838422480e+03
-2.470728568139033996e+03 1.626912567605568029e+03 9.304014910382644302e+03
-2.468625222596051117e+03 1.629040768772354113e+03 9.343015182607434326e+03
-2.550427763299221169e+03 1.971884810652549049e+03 9.352985703740781901e+03
-2.368393711436986905e+03 1.678189712258750887e+03 9.414040331844520551e+03
-2.503816069486080778e+03 2.085871389082977203e+03 9.377967793594407340e+03
-2.468551843268663106e+03 2.037145823329384029e+03 9.427997293219403218e+03
-2.360591665576654123e+03 1.907883308908267054e+03 9.469978515819811946e+03
-2.333781503091161994e+03 1.887968600626365060e+03 9.499994298835283189e+03
-2.280824210075054907e+03 1.890065948396470958e+03 9.471012782156829417e+03
-2.465016638170724036e+03 1.737909559671076067e+03 9.211987764224202692e+03
-2.096529826015391791e+03 2.157013640788055909e+03 9.523991000226264077e+03
-2.047860105082130985e+03 2.129917251970317011e+03 9.630015908915875116e+03
-1.985810336324969057e+03 2.110060823863484075e+03 9.854042116340344364e+03
-2.055629583310716953e+03 2.143910953382363914e+03 9.652008720272207938e+03
-1.871394827743060887e+03 1.858208772293052107e+03 9.521954905810189302e+03
-1.995587062062380028e+03 2.354100730048472087e+03 9.675953474977373844e+03
-1.920691282944470004e+03 2.400205580868380821e+03 9.485959168901443263e+03
-1.820457550294295061e+03 2.471829184902350789e+03 9.554961086572813656e+03
-1.630646632625546090e+03 2.395191005048779061e+03 9.818041636257999926e+03
-1.815624413639066915e+03 1.903126692465601081e+03 9.552957715106218529e+03
-1.989940277020499934e+03 2.326971819211600177e+03 9.659965208643399819e+03
-1.958827165261960999e+03 2.362932674223568029e+03 9.514961550045829426e+03
-1.985636537241457063e+03 2.418023269533364783e+03 9.502032198419308770e+03
-1.676560682391361979e+03 2.354967557281912832e+03 9.895044779964460758e+03
-1.764791983687035099e+03 1.881920576266338912e+03 9.525978249607327598e+03
-1.817709755933333099e+03 1.925980766406479006e+03 9.453950239667950882e+03
-1.629939751489961964e+03 2.312954387521231183e+03 9.758971638730798077e+03
-1.677945665400972075e+03 2.332039667897187883e+03 9.776952260144391403e+03
-1.478871390770432981e+03 2.572789029563312852e+03 9.955009246022049410e+03
-1.437916032110374090e+03 2.618970960291911979e+03 9.940999751053219370e+03
-1.445688845749836901e+03 2.577865846682228948e+03 9.946014778821017899e+03
-1.473923237276022974e+03 2.633820556635214871e+03 9.967985429087273587e+03
-1.422449766133983076e+03 2.672080103782620881e+03 1.026698117385182923e+04
-1.220461667805720026e+03 2.665097537514823216e+03 9.853025795250903684e+03
-1.423738202288855064e+03 3.032177899032510140e+03 9.955019697312623975e+03
-1.277669499543495021e+03 2.615987609518062982e+03 9.956035004362676773e+03
-1.142806614971269937e+03 2.657875897360192084e+03 9.835043162388530618e+03
-1.158335468995391011e+03 2.635830758710007103e+03 9.811049532940714926e+03
-1.083534146300796010e+03 2.582899447530423004e+03 9.936983770172762888e+03
-1.162600777022081047e+03 2.617246630037675004e+03 9.961955856788006713e+03
-1.305869846963149030e+03 3.119116036669944151e+03 1.011100286790145947e+04
-1.242322907343617999e+03 2.693029140373450900e+03 9.755009818767281104e+03
-1.124451985077090058e+03 2.609123458577349993e+03 9.799965997342200353e+03
-9.408921550780023608e+02 2.712910592003400780e+03 9.750952246426935744e+03
-9.529415273471169030e+02 2.663875824515233944e+03 1.004497120162799001e+04
-1.312928371860411971e+03 3.077144477760518839e+03 1.007902184609278083e+04
-9.536230468648270744e+02 2.662111671991270214e+03 9.879971821808425375e+03
-8.583237950687188231e+02 2.613783591904295008e+03 9.864005350473649742e+03
-9.755306825245550044e+02 2.711777822091387861e+03 1.006804815703375061e+04
-1.270497617815851982e+03 3.093065019942992876e+03 9.712022650040302324e+03
-8.548137344247925284e+02 2.858875248775164891e+03 1.017600107924229087e+04
-7.665710076749080599e+02 2.707952850879934886e+03 1.008797766387498996e+04
-4.884249571017066955e+02 2.760930275760837958e+03 1.013398220353175020e+04
-1.257853249864545887e+03 3.207257239014607876e+03 1.010196869167449950e+04
-4.785456895728735844e+02 2.710081509222774912e+03 1.015500480410360979e+04
-1.352461343351242022e+03 3.214088598605474999e+03 1.017604555768031059e+04
-6.663453175620068123e+02 2.747878102299885086e+03 1.030797180446839047e+04
-3.924087674991463928e+02 2.721034668815976147e+03 1.001000598356742012e+04
-3.246634354985321238e+02 2.655110478377080199e+03 1.046903766182726940e+04
-1.452688612392026016e+03 3.269185261616526077e+03 1.014899551340704966e+04
-1.445625945984369991e+03 3.239923385334274826e+03 1.011401206940532938e+04
-3.613778261194602237e+02 2.608917735724825889e+03 1.047795518278935924e+04
-1.347493665170795111e+03 3.203850395159282016e+03 1.004495213869272993e+04
-1.431586555604518026e+03 2.682178976599886937e+03 1.009097486783464956e+04
-1.394830837779273907e+03 3.181057747305394969e+03 1.021695344562882019e+04
-1.409598052269657046e+03 3.327191790989379115e+03 1.005497508650275995e+04
-1.301629451454844911e+03 3.100874141879950912e+03 1.007501263985381047e+04
-1.189349048513081925e+03 3.088041395143372938e+03 9.861040717456789935e+03
-1.415952348374669100e+03 3.355176527111855194e+03 1.007895899755961909e+04
-1.339723917148233113e+03 3.481955395687271903e+03 1.021000696694797080e+04
-1.125801617859875023e+03 3.586127080796807149e+03 1.010499035222522980e+04
-1.158932663507257075e+03 3.516884517397249965e+03 9.805023015744840450e+03
-1.244380712567588034e+03 3.564064094242422925e+03 1.003398075640719071e+04
-1.240874841770001012e+03 3.553108363417582950e+03 1.014798758236885988e+04
-1.225301325374771068e+03 3.533901029502386791e+03 9.907001235885576534e+03
-1.311453793332969099e+03 3.467023133760770179e+03 1.003602094781191045e+04
-1.141328181035796888e+03 3.553897707385560807e+03 1.006600566879083090e+04
-1.101841976580717983e+03 3.490861650765556988e+03 1.027704751066316021e+04
-1.206264918956422036e+02 2.825060681845212912e+03 1.046497161210363083e+04
-1.176688603664186076e+03 3.554101895173220782e+03 1.042399920793386082e+04
-1.054493171386774065e+03 3.525871040925243960e+03 9.984036149317153104e+03
-9.436484538200820680e+02 3.563936469126424981e+03 9.868032248465311568e+03
-6.979331930512420001e+01 2.863136697486157118e+03 1.031295534207769015e+04
-2.335894903855420068e+02 2.694963698675542219e+03 1.050602489312735997e+04
-6.344015744944854163e+01 2.800841418123884068e+03 1.032798312385716963e+04
1.772985172859544036e+02 2.810183302218832068e+03 1.036497686725345920e+04
-9.959164463352950634e+02 3.569150678480382794e+03 1.008802143745336070e+04
1.427064868247063885e+02 2.925942738373435077e+03 1.048602617642738005e+04
-9.478882135613132505e+02 3.611861231600023984e+03 9.931004618479917553e+03
-9.846049917101809115e+02 3.549160850819365805e+03 9.963034345154355833e+03
3.184872872958733865e+02 2.941971809354778088e+03 1.031101243172963041e+04
2.676579938390227085e+02 2.978855383803157110e+03 1.033799761107579070e+04
1.730641190288365863e+02 2.925100630873479986e+03 1.049702581513521000e+04
-9.245657293758886226e+02 3.651173397394465155e+03 9.758985574655707751e+03
-9.676421190753272867e+02 3.610975922330016147e+03 9.861002150092717784e+03
-9.203860177770909559e+02 3.676832325184289857e+03 1.016097147863746068e+04
2.916626691901345225e+02 2.928848570000177915e+03 1.034601976664291942e+04
-7.594258074105182459e+02 3.670801082507804040e+03 1.001599607460638981e+04
3.191900285236557124e+02 2.919048763298579161e+03 1.023102294105077999e+04
3.615451655746539927e+02 2.949980090513685809e+03 1.021200642548741962e+04
3.594378212609975094e+02 2.869938874404583203e+03 1.034504314800036082e+04
4.624980947788649246e+02 2.696904852490376015e+03 1.006601157285072077e+04
-3.321852528822370004e+03 1.713927207038043889e+03 8.877005888060766665e+03
-2.685322861731398007e+03 1.559998159005072921e+03 9.224044741380443156e+03
-2.482669539468241055e+03 1.626876080199853050e+03 9.149010277747132932e+03
