 x(m) y(m) z(m) time(s) chi2
       -3231.699048125358        1181.021275995774        7519.973391140095        72986.66027350401       0.1199999973177910
       -3170.874270585906        1142.822983285945        7238.010788328646        72986.67700708000       0.4600000083446503
       -3220.324347710724        1189.884410949585        7362.977457659439        72986.67717531000        1.049999952316284
       -3277.575005110625        1209.847834252820        7539.044718254245        72986.67749861800       0.8199999928474426
       -3124.942250717257        1280.901638021716        7213.007105765856        72986.68289636599        1.669999957084656
       -3197.783562973543        1180.148427114020        7443.990598552532        72986.68371858200       0.7099999785423279
       -3345.763755056112        1396.185076410025        7143.971169621429        72986.69339733401       0.8600000143051147
       -3091.866783783901        895.8161058063974        7148.988955528926        72986.69542612400        1.179999947547913
       -3339.415851983325        1399.150088055401        7152.973839287070        72986.69773749499        1.830000042915344
       -3304.872687526834        1375.851709130701        7209.996882362769        72986.69789297100       0.8700000047683716
       -3348.581433394146        1405.081002709796        7139.967735155958        72986.69859315800        1.179999947547913
       -3047.963241213140        1324.915664098792        7132.035251804306        72986.69886446900        1.240000009536743
       -3197.803864492459        1217.864130168837        7509.983490738982        72986.69959494000       0.6600000262260437
       -3008.380631498392        1510.018915474936        7126.012765027576        72986.70514185799        1.360000014305115
       -2852.373387988083        1548.925446412179        7054.974826767546        72986.70629185300        1.769999980926514
       -2542.536727622413        1581.017315517366        6998.998072703443        72986.70644348000        1.389999985694885
       -3288.600585818276        1355.069360628511        7118.009720610251        72986.70767488801       0.7900000214576721
       -3098.666760802048        1582.050100032813        7079.952124251684        72986.70939297500        1.740000009536743
       -2874.483039298438        761.8741049713512        7042.008237647400        72986.71051959701       0.9599999785423279
       -2905.552007755726        700.0366569213920        7034.001293515762        72986.71152565999       0.9100000262260437
       -3115.584034903143        1651.105014379618        7086.026453764482        72986.71348538500        1.600000023841858
       -2897.795958545509        502.2027560590300        6917.023493398677        72986.71538040800       0.1800000071525574
       -3094.678302154621        905.9812501358323        7131.986153453896        72986.71621201299       0.4300000071525574
       -2948.521922077150        747.0526678022702        6887.976252908679        72986.71679896000       0.8600000143051147
       -3036.580323115308        1499.845265564177        7058.001827412552        72986.71719959700        1.529999971389771
       -2897.743881298042        780.9369433722904        6989.995417698978        72986.71749194901        1.549999952316284
       -3395.617426341529        1991.775601569311        7068.986489104059        72986.71850109901        1.370000004768372
       -2426.862162568309        1469.175584370287        7081.969758644138        72986.71942071000       0.4699999988079071
       -3134.757469366407        1372.813970387333        7141.983122119766        72986.72012033200        1.450000047683716
       -2181.280068723695        1305.162114003397        6992.993937139157        72986.72111071700        1.529999971389771
       -3405.858841263360        1158.992614347757        7186.987066228056        72986.72267073400        1.700000047683716
       -3399.632124803707        1086.160676157323        7373.003260068084        72986.72298101500       0.7099999785423279
       -3111.619560381247        900.0565483671600        7133.978769989854        72986.72312595100       0.8100000023841858
       -1986.469425841581        1368.222604343376        6932.044196832272        72986.72484454000       0.1099999994039536
       -2823.823946870669        533.1299418820979        7240.954020479491        72986.72638318900        1.210000038146973
       -3049.499884521617        1060.174327652055        7215.984053237110        72986.72720281000       0.9700000286102295
       -2521.385535094413        1617.883988376866        7073.997191491651        72986.72851267300        1.340000033378601
       -1967.410450325614        1349.998041676657        6903.953885187312        72986.72890325400       0.1000000014901161
       -2892.853494117421        491.1868649572303        6905.026590963473        72986.72916309600       0.2800000011920929
       -2213.745968309624        1333.132896063032        7019.976978181567        72986.72972687100       0.6200000047683716
       -2912.615813108033        700.8875687044961        7047.997986466899        72986.73064441500       0.4799999892711639
       -2779.898772796815        534.7796221179991        6861.973098788751        72986.73088272700        1.179999947547913
       -1782.491007002404        1363.075979475652        6825.005336228307        72986.73098818600        4.789999961853027
       -1724.632814866326        1268.175198011324        6794.040832356438        72986.73177401500       0.7400000095367432
       -1642.757256264672        1322.799386904238        6774.951178745267        72986.73190718400       0.1899999976158142
       -2226.447333916558        1322.119728252581        7007.974863684954        72986.73244957101        1.409999966621399
       -1990.702646637299        1350.852871221934        6917.046590414857        72986.73305943800       0.7099999785423279
       -1918.008846370238        1291.098803118044        6856.981122379048        72986.73371702300       0.4000000059604645
       -2178.425743878665        1344.118725673163        6926.986794523860        72986.73380886900       0.6299999952316284
       -1650.517560677471        1302.040337598850        6751.953460541714        72986.73683286201        1.320000052452087
       -1717.572821765303        1263.935268420600        6780.043576392320        72986.73769274600       0.6600000262260437
       -2602.536457372591        1592.058463234647        7043.971176300527        72986.73834382700       0.1299999952316284
       -3099.335251989106        1598.130806026134        7014.047869122396        72986.73873700100       0.2399999946355820
       -1790.980606941727        1255.063011420468        6828.025187685722        72986.74208899600       0.2899999916553497
       -1718.278943292739        1269.019423454049        6785.042374806208        72986.74341758199       0.6200000047683716
       -2173.506136459893        1348.790500206288        6989.987485693487        72986.74484056100       0.7400000095367432
       -1676.687611433550        1294.041792171628        6973.048390734254        72986.74789747800        1.049999952316284
       -1786.746938358005        1252.097089654800        6828.026956977083        72986.75246555499       0.4399999976158142
