-3.231699048125357876e+03 1.181021275995773976e+03 7.519973391140095373e+03
-3.170874270585905833e+03 1.142822983285944929e+03 7.238010788328646413e+03
-3.220324347710723941e+03 1.189884410949584890e+03 7.362977457659439096e+03
-3.277575005110625170e+03 1.209847834252819894e+03 7.539044718254244799e+03
-3.124942250717257139e+03 1.280901638021716053e+03 7.213007105765856068e+03
-3.197783562973543212e+03 1.180148427114020024e+03 7.443990598552531992e+03
-3.345763755056112132e+03 1.396185076410024976e+03 7.143971169621428999e+03
-3.091866783783901155e+03 8.958161058063974451e+02 7.148988955528926454e+03
-3.339415851983324956e+03 1.399150088055401056e+03 7.152973839287070405e+03
-3.304872687526833943e+03 1.375851709130701011e+03 7.209996882362768702e+03
-3.348581433394146188e+03 1.405081002709795939e+03 7.139967735155957598e+03
-3.047963241213140009e+03 1.324915664098791922e+03 7.132035251804306426e+03
-3.197803864492459070e+03 1.217864130168836937e+03 7.509983490738982255e+03
-3.008380631498392177e+03 1.510018915474935966e+03 7.126012765027576279e+03
-2.852373387988082868e+03 1.548925446412179099e+03 7.054974826767545892e+03
-2.542536727622412855e+03 1.581017315517365887e+03 6.998998072703442631e+03
-3.288600585818276159e+03 1.355069360628511049e+03 7.118009720610250952e+03
-3.098666760802047975e+03 1.582050100032812907e+03 7.079952124251683927e+03
-2.874483039298438143e+03 7.618741049713512439e+02 7.042008237647400165e+03
-2.905552007755726208e+03 7.000366569213920229e+02 7.034001293515761972e+03
-3.115584034903143220e+03 1.651105014379618069e+03 7.086026453764481630e+03
-2.897795958545509166e+03 5.022027560590299800e+02 6.917023493398676692e+03
-3.094678302154621178e+03 9.059812501358322834e+02 7.131986153453895895e+03
-2.948521922077150066e+03 7.470526678022702072e+02 6.887976252908679271e+03
-3.036580323115308147e+03 1.499845265564176998e+03 7.058001827412552302e+03
-2.897743881298042197e+03 7.809369433722904432e+02 6.989995417698977690e+03
-3.395617426341529153e+03 1.991775601569310993e+03 7.068986489104058819e+03
-2.426862162568309031e+03 1.469175584370286970e+03 7.081969758644137983e+03
-3.134757469366406895e+03 1.372813970387333029e+03 7.141983122119766449e+03
-2.181280068723694967e+03 1.305162114003396937e+03 6.992993937139157424e+03
-3.405858841263359864e+03 1.158992614347756898e+03 7.186987066228056392e+03
-3.399632124803707029e+03 1.086160676157322996e+03 7.373003260068084273e+03
-3.111619560381247084e+03 9.000565483671599623e+02 7.133978769989854300e+03
-1.986469425841580914e+03 1.368222604343375906e+03 6.932044196832272064e+03
-2.823823946870668806e+03 5.331299418820979099e+02 7.240954020479491192e+03
-3.049499884521616877e+03 1.060174327652054899e+03 7.215984053237109947e+03
-2.521385535094413171e+03 1.617883988376866000e+03 7.073997191491651392e+03
-1.967410450325613965e+03 1.349998041676657067e+03 6.903953885187312153e+03
-2.892853494117421178e+03 4.911868649572302843e+02 6.905026590963472700e+03
-2.213745968309624004e+03 1.333132896063031922e+03 7.019976978181566665e+03
-2.912615813108032853e+03 7.008875687044960614e+02 7.047997986466899420e+03
-2.779898772796815138e+03 5.347796221179991107e+02 6.861973098788750576e+03
-1.782491007002404103e+03 1.363075979475652048e+03 6.825005336228306987e+03
-1.724632814866326044e+03 1.268175198011324028e+03 6.794040832356437932e+03
-1.642757256264671923e+03 1.322799386904237963e+03 6.774951178745266589e+03
-2.226447333916557909e+03 1.322119728252580899e+03 7.007974863684953561e+03
-1.990702646637299040e+03 1.350852871221934038e+03 6.917046590414856837e+03
-1.918008846370237961e+03 1.291098803118044088e+03 6.856981122379048429e+03
-2.178425743878664889e+03 1.344118725673162999e+03 6.926986794523860226e+03
-1.650517560677471010e+03 1.302040337598850101e+03 6.751953460541713866e+03
-1.717572821765302933e+03 1.263935268420600096e+03 6.780043576392319665e+03
-2.602536457372591030e+03 1.592058463234646979e+03 7.043971176300527077e+03
-3.099335251989105927e+03 1.598130806026133996e+03 7.014047869122396150e+03
-1.790980606941727046e+03 1.255063011420468001e+03 6.828025187685721903e+03
-1.718278943292739086e+03 1.269019423454049047e+03 6.785042374806207590e+03
-2.173506136459892787e+03 1.348790500206288016e+03 6.989987485693486633e+03
-1.676687611433550046e+03 1.294041792171628003e+03 6.973048390734254099e+03
-1.786746938358005082e+03 1.252097089654799902e+03 6.828026956977082591e+03
