-1.276984660181814888e+03 -5.368929531869364382e+02 7.937050003441801891e+03
-1.277665881088295009e+03 -4.839284393015879004e+02 7.848954016035063432e+03
-1.221894886646191026e+03 -5.102005273739833910e+02 7.824962866623527589e+03
-1.247344923846098027e+03 -5.449506585267889704e+02 7.985955073915018147e+03
-1.281243544376271984e+03 -6.309504363339873407e+02 7.989040521486190300e+03
-1.279830544299416033e+03 -4.348023111207349984e+02 8.115957135464291241e+03
-1.306691356102747022e+03 -7.161152482011580105e+02 8.092026359060174400e+03
-1.189493499323222977e+03 -3.479722194977625236e+02 8.321979438303531424e+03
-9.664508037002634637e+02 -3.780977357396466232e+02 8.631015331899192461e+03
-1.241786807094704955e+03 -9.587787765537393625e+01 8.749978294449090754e+03
-1.611764571470775991e+03 -8.330357024586113539e+02 8.351042111783612199e+03
-1.609609295315000963e+03 -6.851633656914732455e+02 8.302960682681808976e+03
-1.332833941695148042e+03 -8.072060226938340293e+02 8.131010060356979011e+03
-9.105883309244655948e+02 -4.030625019155920086e+02 8.007022480702871690e+03
-9.368034194876853462e+02 -3.628500143081017768e+02 8.680020632978465073e+03
-1.629358763222930975e+03 -7.029453034575391257e+02 8.216953737095771430e+03
-1.424357863213982910e+03 -3.851603490529851115e+02 7.265029841445835700e+03
-1.146521339538488974e+03 -1.869947121151398903e+02 8.949994065909004348e+03
-1.207860286385810014e+03 -4.899023422007251156e+02 8.284966650233292967e+03
-9.248350955393837012e+02 -3.781182259040726876e+02 8.906021489349182957e+03
-1.342727418551455003e+03 -8.161067946867075307e+02 8.170006855954419734e+03
-1.360411284187410047e+03 -9.457600034988960260e+02 8.240985171193098722e+03
-8.534766270048963861e+02 -3.870014520336919759e+02 8.549030875145905156e+03
-1.135702940705295987e+03 -3.640346939509208255e+02 7.548988796405298672e+03
-1.269799250447812938e+03 -5.601381607030272107e+02 7.288049415670377130e+03
-2.008743020230461070e+03 -2.749064457731922744e+02 7.086978228054120336e+03
-1.290434985489704104e+03 -5.780004947985793251e+02 8.093043705176653020e+03
-1.206453579702452998e+03 -4.899046774283725085e+02 8.312966916251916700e+03
-9.509364862944221386e+02 -2.929422705440244954e+02 8.811022149985215947e+03
-1.475504443608386964e+03 -1.016074141234681974e+03 8.242048414744256661e+03
-1.436704675624394895e+03 -9.521318184828858193e+02 8.426967537691805774e+03
-1.429636299742023994e+03 -9.500093387993637180e+02 8.392969438184938554e+03
-1.444458266083393028e+03 -1.080909189366419014e+03 8.283044823908219769e+03
-1.558847141008146991e+03 -1.122838491224988047e+03 8.298010696035169531e+03
-1.468485699613203906e+03 -1.335100380739165985e+03 8.207991093396634824e+03
-1.570658444705092961e+03 -1.285775724895404892e+03 7.408976924633898307e+03
-1.563758125783818969e+03 -1.191018457929450960e+03 8.123997093136759759e+03
-1.593955034042139914e+03 -1.201057370903178025e+03 7.465987716410944813e+03
-1.559519546017844050e+03 -1.174919736097903979e+03 8.125001121316474382e+03
-1.753824046950662932e+03 -1.341902317696220962e+03 8.547018358560146225e+03
-1.753676848740384003e+03 -1.188017690314999982e+03 8.114048474670818905e+03
