 x(m) y(m) z(m) time(s) chi2
        3944.138714216308        2794.200283245768        8777.969856496353        78791.22046263800       0.6600000262260437
        3772.654636722179        2597.912663660295        8690.956279155193        78791.25417811700      0.02999999932944775
        3707.617957220691        2919.928558510808        8731.955323333201        78791.26177079001       0.2399999946355820
        3831.223929083720        2733.978437107723        8760.965056857169        78791.27080567200        1.240000009536743
        3702.678701257773        3039.878195740347        8815.001653802283        78791.27578493299        1.820000052452087
        3561.082939782013        1963.070542101825        8571.005281117023        78791.28385004200       0.1199999973177910
        3073.618599693111        1729.151708392180        7516.026104284481        78791.28922993100        1.549999952316284
        2762.145862974518        1995.917422740607        8775.990763887536        78791.29205576199        1.529999971389771
        2753.619498557754        1984.007801100229        8637.998146174401        78791.29222071900       0.4000000059604645
        2810.123115537164        1909.884422139593        8668.996241767769        78791.29331322901        1.899999976158142
        3162.258746929839        2853.168514756836        7699.978074729092        78791.33085187100        1.639999985694885
        3175.488335499519        2928.864274499936        7392.037151864725        78791.34102138200       0.6000000238418579
        3217.313848543165        2890.914015973006        7749.033675065211        78791.34755069901       0.5000000000000000
        3196.157382054403        2907.023426580789        7788.036957559946        78791.34874832800       0.2800000011920929
        2547.481208654663        2770.207398061284        7321.989419297725        78791.35268368899       0.3700000047683716
        2677.472720998954        2692.852230172854        7633.969555792001        78791.35404334200       0.5299999713897705
        3220.109531540924        2851.903193606994        7669.049853156728        78791.35472800799       0.4399999976158142
        2534.148629723611        2688.077165813526        7455.029969185556        78791.35502032199      0.01999999955296516
        2655.585042578461        2697.919625819871        7609.976535160096        78791.35730028400       0.1800000071525574
        3072.445218526715        2897.877690886884        7331.001587518329        78791.35948054200       0.1299999952316284
        2615.349275665231        2633.908707093363        7538.019930131471        78791.36033896200       0.3499999940395355
        2209.467426440566        2724.770522899405        7265.034705841555        78791.36463036900      0.02999999932944775
        2701.495626071237        2753.911795107999        7745.033433045539        78791.36686554800        1.120000004768372
        2634.401113473474        2683.915820171726        7567.991215352102        78791.36723619000       0.4199999868869781
        3165.631416331680        2931.000299237529        7438.041067852192        78791.36934434601       0.2800000011920929
        2907.271662058121        2743.954084368075        7108.046946370515        78791.36943420400        0.000000000000000
        3076.692869391735        2824.159251069175        7310.032687741003        78791.36983094300        4.440000057220459
        2515.124507200539        2691.916931205283        7531.035872139005        78791.37066923900       0.4399999976158142
        2613.230539777418        2683.062262737302        7567.000264813688        78791.37134964499       0.3499999940395355
        2612.509679883433        2681.775135114379        7529.001095528055        78791.37162782400       0.2899999916553497
        2373.230807257708        2663.005232794462        7369.002169343356        78791.37360326599      0.02999999932944775
        2640.040004065913        2685.181977595451        7552.988352181729        78791.37535814600       0.8299999833106995
        2483.345476968471        2710.951763944933        7483.040207463962        78791.37715509700       0.4000000059604645
        3479.301071802761        3366.848253952154        7100.962042571706        78791.37771561200       0.7900000214576721
        2375.369126325434        2666.843543838081        7428.999776894309        78791.37867709300       0.6899999976158142
        2138.178527921859        2729.814831061364        7211.956682073652        78791.37896644800      0.05000000074505806
        2367.607753948550        2677.860188923915        7438.998030943075        78791.38043631300       0.1500000059604645
        2251.123733577403        2751.081014109163        7349.008862647815        78791.38069555799       0.3300000131130219
        2280.046650798888        2743.026125045288        7319.002084399790        78791.38367773900      0.07000000029802322
        2053.470654840472        2814.077514515676        7171.047837519655        78791.38606498799      0.01999999955296516
        1992.058862558836        2845.812972607537        7120.953050996143        78791.38823809700       0.1500000059604645
        2252.070429274102        3236.222160270200        8359.980659893670        78791.38880905200       0.1000000014901161
        2735.568581492463        3188.120603142659        8504.016565938422        78791.38896158100       0.3300000131130219
        2727.557242128541        2845.827839447386        7691.981911720064        78791.38940022100      0.03999999910593033
        3030.545851764754        3184.793691478400        8449.984808984374        78791.38992243800       0.3499999940395355
        3023.450016819194        3125.837954770269        8329.017371949902        78791.39010633300       0.4499999880790710
        3251.478553938091        2978.917717603517        8381.975949621550        78791.39030641101      0.01999999955296516
        1992.057972155779        2844.116746544084        7116.953809141111        78791.39216416000       0.4699999988079071
        2367.603680059339        2657.091850901426        7414.006735247371        78791.39228564300       0.6200000047683716
        2640.051273110471        2681.803408974951        7577.989776753197        78791.39282016200       0.3300000131130219
        2627.355118847126        2639.006452367439        7564.012899020820        78791.39305220501       0.7900000214576721
        1988.529258842053        2844.115111994466        7114.954908330631        78791.39714697099       0.5899999737739563
        2866.201260608170        2591.062911606741        8257.030196537420        78791.40134016699       0.4300000071525574
        1948.296173442934        2886.037760228226        7101.048515703582        78791.40568549400       0.6499999761581421
        1994.166091211713        2850.036970131763        7092.950499048035        78791.40624448399       0.3499999940395355
        1810.648675098775        3030.842111034765        7012.021644218406        78791.40831384600       0.2599999904632568
        3908.412146068610        3966.796082922788        7700.968626888989        78791.41134365000        4.179999828338623
        1517.046746604598        3192.925941309242        6804.018762932130        78791.41477945300       0.9599999785423279
        1825.471263911376        3007.124165394672        7014.028682741808        78791.41625225400        1.389999985694885
        1974.422327200622        2795.814135578735        7099.980687082707        78791.41743308700       0.4600000083446503
        1597.498035839996        3162.042033849165        6854.014593767833        78791.41997483101       0.3100000023841858
        3327.175438671636        4098.156352950700        6775.014301016611        78791.42109403000        1.230000019073486
        1959.592482721967        2841.133554952473        7091.965173770542        78791.42217378900       0.4900000095367432
        3185.241775005694        2846.970045689280        7084.969302574013        78791.42242250600       0.3400000035762787
        1829.000545593782        3009.245695507386        7020.026671667596        78791.42459043099       0.5000000000000000
        1345.586727690911        3178.046934214655        6748.964503064703        78791.42519384400       0.5400000214576721
        3267.016355035314        2060.162617473279        7785.031868075118        78791.42699567000        1.350000023841858
        2003.344089274322        2845.808686680067        7106.049621327616        78791.42992131400       0.2899999916553497
        1698.356787752517        3430.215519518913        6895.049858047386        78791.43041409900       0.1199999973177910
        1455.657705344927        3150.107578328817        6750.954277966826        78791.43298509999       0.7699999809265137
        2715.281162281667        1774.074975327060        7972.975856391548        78791.43593982900       0.6999999880790710
        3227.405208345620        2002.888191527267        7569.970139003232        78791.43898626301       0.7699999809265137
        3094.678767863070        2863.894437831554        8049.006405785700        78791.43910791400       0.3700000047683716
        2574.246880942102        1926.255979648675        8383.990008699937        78791.44007608500       0.5899999737739563
        2853.250960840093        4135.107258465112        7165.019450889782        78791.44043342301       0.2800000011920929
        1400.622564884818        3172.976373381453        6757.955211883530        78791.44316894100       0.5000000000000000
        2944.280383689454        4161.010154077563        7217.961298666288        78791.44434234200       0.3400000035762787
        1128.286831877541        3042.032005446008        6715.972943420012        78791.44498952800       0.1000000014901161
        3230.576951922781        2914.095285752575        7478.016349094443        78791.44656653600       0.9900000095367432
        872.1341001356226        3421.112209033535        6717.020673481928        78791.44866597300       0.2300000041723251
        1979.349545080347        2833.086443022513        7085.962673677145        78791.45219890001       0.1800000071525574
        2604.587805654055        1341.056318756967        7966.028294543658        78791.45302271300        3.319999933242798
        2513.021385462633        1867.790688314231        7011.031631341574        78791.45346350600      0.03999999910593033
        2495.602939108872        1878.970943811167        7591.035233377766        78791.45398325700       0.5000000000000000
        3369.602614748921        4413.172907642504        7172.981217287310        78791.45583210701       0.1400000005960464
        3131.058224150296        2897.938749549751        7422.973138706286        78791.46243992601        1.789999961853027
        1760.508935318868        3103.216983249961        6906.000745503094        78791.46337318901       0.6299999952316284
        3529.612031378516        3576.003769684863        7631.020701719746        78791.46405716101      0.03999999910593033
        2176.531974904485        1937.939343935849        5338.034304836460        78791.47365299400       0.5799999833106995
        2951.712887893588        2832.092209493385        7138.987962961915        78791.47397460201       0.9200000166893005
        1407.506201225160        3522.133935431644        6212.970082573262        78791.48044315301       0.3899999856948853
        1755.574967779283        3089.241791098638        6915.008905071287        78791.48082299301       0.5000000000000000
        1693.488958503938        1774.147689733113        6047.028226843580        78791.48685030700       0.3199999928474426
        476.3687225062136        3031.926608465230        6958.960021218335        78791.49094408299       0.1400000005960464
        1761.237715858409        1734.776785207713        6068.020775259443        78791.50509075299       0.9900000095367432
        299.2830503614829        2924.031270243260        7241.021298035010        78791.51530943600       0.3600000143051147
        395.1622690160598        2955.170584554612        5873.001552868609        78791.51979501100       0.2800000011920929
        140.5197348196904        2765.174463656471        7248.997684785330        78791.54584431200       0.2700000107288361
       -213.7143090468373        2308.864960437405        7043.977395744846        78791.55978289800     0.009999999776482582
        1350.301077620716        3133.880395216661        5656.985260996965        78791.56032712200       0.2300000041723251
        1609.496139624230        3145.949052838032        6857.019562127819        78791.56042557400       0.4099999964237213
       -134.6840343674978        2502.125326603025        7294.006598943375        78791.56477924999       0.1400000005960464
        46.66923258598160        2719.800676719120        7142.018606706011        78791.56588690300       0.1000000014901161
        3261.319172966374        2861.911088803173        8225.024596868321        78791.56684497300       0.7200000286102295
