3.944138714216308017e+03 2.794200283245767878e+03 8.777969856496352804e+03
3.772654636722179021e+03 2.597912663660295038e+03 8.690956279155192533e+03
3.707617957220691096e+03 2.919928558510808216e+03 8.731955323333200795e+03
3.831223929083720122e+03 2.733978437107723039e+03 8.760965056857168747e+03
3.702678701257772900e+03 3.039878195740347110e+03 8.815001653802282817e+03
3.561082939782013000e+03 1.963070542101824913e+03 8.571005281117022605e+03
3.073618599693110809e+03 1.729151708392179899e+03 7.516026104284481335e+03
2.762145862974517968e+03 1.995917422740606980e+03 8.775990763887535650e+03
2.753619498557754014e+03 1.984007801100229017e+03 8.637998146174400972e+03
2.810123115537163812e+03 1.909884422139592971e+03 8.668996241767768879e+03
3.162258746929839162e+03 2.853168514756835975e+03 7.699978074729092441e+03
3.175488335499519053e+03 2.928864274499936073e+03 7.392037151864725274e+03
3.217313848543165022e+03 2.890914015973005917e+03 7.749033675065211355e+03
3.196157382054403115e+03 2.907023426580788964e+03 7.788036957559946131e+03
2.547481208654663078e+03 2.770207398061284039e+03 7.321989419297725362e+03
2.677472720998954173e+03 2.692852230172853979e+03 7.633969555792001302e+03
3.220109531540923854e+03 2.851903193606994137e+03 7.669049853156728204e+03
2.534148629723611066e+03 2.688077165813525880e+03 7.455029969185556183e+03
2.655585042578461071e+03 2.697919625819870816e+03 7.609976535160096319e+03
3.072445218526715053e+03 2.897877690886884011e+03 7.331001587518328961e+03
2.615349275665230834e+03 2.633908707093362864e+03 7.538019930131470574e+03
2.209467426440566214e+03 2.724770522899405023e+03 7.265034705841554569e+03
2.701495626071236984e+03 2.753911795107998842e+03 7.745033433045538914e+03
2.634401113473474197e+03 2.683915820171725954e+03 7.567991215352101790e+03
3.165631416331680157e+03 2.931000299237528907e+03 7.438041067852192100e+03
2.907271662058120910e+03 2.743954084368075200e+03 7.108046946370514888e+03
3.076692869391734803e+03 2.824159251069174843e+03 7.310032687741003429e+03
2.515124507200539028e+03 2.691916931205283163e+03 7.531035872139004823e+03
2.613230539777418016e+03 2.683062262737301808e+03 7.567000264813687863e+03
2.612509679883432909e+03 2.681775135114378827e+03 7.529001095528054975e+03
2.373230807257707966e+03 2.663005232794461790e+03 7.369002169343356400e+03
2.640040004065912854e+03 2.685181977595450917e+03 7.552988352181729169e+03
2.483345476968470848e+03 2.710951763944933191e+03 7.483040207463962361e+03
3.479301071802760816e+03 3.366848253952154209e+03 7.100962042571705751e+03
2.375369126325434081e+03 2.666843543838081132e+03 7.428999776894309434e+03
2.138178527921858858e+03 2.729814831061364202e+03 7.211956682073651791e+03
2.367607753948549998e+03 2.677860188923914848e+03 7.438998030943074809e+03
2.251123733577403073e+03 2.751081014109162879e+03 7.349008862647814567e+03
2.280046650798888095e+03 2.743026125045288154e+03 7.319002084399789965e+03
2.053470654840471980e+03 2.814077514515675830e+03 7.171047837519655332e+03
1.992058862558835926e+03 2.845812972607537176e+03 7.120953050996143247e+03
2.252070429274102025e+03 3.236222160270200220e+03 8.359980659893670236e+03
2.735568581492463181e+03 3.188120603142659093e+03 8.504016565938421991e+03
2.727557242128541020e+03 2.845827839447385941e+03 7.691981911720064090e+03
3.030545851764753934e+03 3.184793691478399978e+03 8.449984808984374467e+03
3.023450016819193934e+03 3.125837954770268880e+03 8.329017371949901644e+03
3.251478553938090954e+03 2.978917717603516849e+03 8.381975949621550171e+03
1.992057972155778998e+03 2.844116746544083981e+03 7.116953809141111378e+03
2.367603680059338785e+03 2.657091850901425914e+03 7.414006735247370671e+03
2.640051273110470902e+03 2.681803408974950798e+03 7.577989776753196566e+03
2.627355118847126050e+03 2.639006452367439124e+03 7.564012899020820441e+03
1.988529258842052968e+03 2.844115111994466133e+03 7.114954908330631042e+03
2.866201260608169832e+03 2.591062911606741181e+03 8.257030196537420125e+03
1.948296173442934105e+03 2.886037760228226034e+03 7.101048515703581870e+03
1.994166091211712910e+03 2.850036970131763155e+03 7.092950499048035454e+03
1.810648675098774902e+03 3.030842111034764912e+03 7.012021644218406436e+03
3.908412146068610127e+03 3.966796082922788173e+03 7.700968626888989093e+03
1.517046746604597956e+03 3.192925941309241807e+03 6.804018762932129903e+03
1.825471263911375900e+03 3.007124165394672218e+03 7.014028682741807643e+03
1.974422327200622021e+03 2.795814135578735204e+03 7.099980687082706936e+03
1.597498035839995964e+03 3.162042033849164909e+03 6.854014593767832594e+03
3.327175438671636130e+03 4.098156352950700239e+03 6.775014301016611171e+03
1.959592482721966917e+03 2.841133554952472878e+03 7.091965173770541696e+03
3.185241775005693853e+03 2.846970045689280141e+03 7.084969302574013454e+03
1.829000545593781908e+03 3.009245695507385790e+03 7.020026671667596020e+03
1.345586727690910948e+03 3.178046934214654812e+03 6.748964503064703422e+03
3.267016355035314064e+03 2.060162617473279170e+03 7.785031868075117927e+03
2.003344089274321959e+03 2.845808686680066785e+03 7.106049621327615569e+03
1.698356787752516993e+03 3.430215519518912970e+03 6.895049858047385896e+03
1.455657705344927081e+03 3.150107578328816999e+03 6.750954277966826339e+03
2.715281162281667093e+03 1.774074975327059974e+03 7.972975856391548405e+03
3.227405208345619940e+03 2.002888191527267054e+03 7.569970139003232362e+03
3.094678767863069879e+03 2.863894437831554114e+03 8.049006405785699826e+03
2.574246880942102052e+03 1.926255979648675066e+03 8.383990008699936880e+03
2.853250960840092830e+03 4.135107258465111954e+03 7.165019450889782092e+03
1.400622564884818075e+03 3.172976373381452959e+03 6.757955211883529955e+03
2.944280383689454084e+03 4.161010154077563129e+03 7.217961298666287803e+03
1.128286831877541090e+03 3.042032005446008043e+03 6.715972943420011688e+03
3.230576951922781063e+03 2.914095285752574910e+03 7.478016349094443285e+03
8.721341001356225888e+02 3.421112209033534782e+03 6.717020673481927588e+03
1.979349545080347070e+03 2.833086443022512867e+03 7.085962673677145176e+03
2.604587805654055046e+03 1.341056318756966903e+03 7.966028294543658376e+03
2.513021385462633134e+03 1.867790688314230920e+03 7.011031631341574212e+03
2.495602939108871851e+03 1.878970943811166990e+03 7.591035233377766417e+03
3.369602614748921042e+03 4.413172907642503560e+03 7.172981217287309846e+03
3.131058224150296155e+03 2.897938749549750810e+03 7.422973138706285681e+03
1.760508935318867998e+03 3.103216983249960776e+03 6.906000745503093640e+03
3.529612031378515894e+03 3.576003769684863073e+03 7.631020701719746285e+03
2.176531974904485196e+03 1.937939343935848910e+03 5.338034304836460251e+03
2.951712887893587776e+03 2.832092209493384871e+03 7.138987962961915400e+03
1.407506201225160112e+03 3.522133935431644204e+03 6.212970082573261607e+03
1.755574967779283043e+03 3.089241791098637805e+03 6.915008905071286790e+03
1.693488958503937965e+03 1.774147689733113111e+03 6.047028226843580342e+03
4.763687225062136008e+02 3.031926608465229947e+03 6.958960021218334987e+03
1.761237715858409047e+03 1.734776785207712919e+03 6.068020775259443326e+03
2.992830503614828785e+02 2.924031270243260224e+03 7.241021298035009750e+03
3.951622690160597813e+02 2.955170584554612105e+03 5.873001552868608997e+03
1.405197348196903988e+02 2.765174463656470834e+03 7.248997684785330421e+03
-2.137143090468372861e+02 2.308864960437404989e+03 7.043977395744846035e+03
1.350301077620715887e+03 3.133880395216660872e+03 5.656985260996964826e+03
1.609496139624229954e+03 3.145949052838032003e+03 6.857019562127818972e+03
-1.346840343674977873e+02 2.502125326603024860e+03 7.294006598943375138e+03
4.666923258598159663e+01 2.719800676719120020e+03 7.142018606706011269e+03
3.261319172966374026e+03 2.861911088803172788e+03 8.225024596868321169e+03
