-1.713331064263310964e+03 2.933851761353124857e+03 5.245993585990611791e+03
-1.677402398805071925e+03 2.945789502337595877e+03 5.432997627305459901e+03
-1.831871935222189904e+03 2.838188690999184018e+03 5.296004115303227081e+03
-1.609675835090735063e+03 3.025833479605542834e+03 5.463977477443487260e+03
-1.625878327275006086e+03 3.105014072201989165e+03 5.430035309294081344e+03
-1.708448802508921972e+03 2.678928232510244015e+03 5.282007275639275576e+03
-1.558865949977423952e+03 3.194818355962584974e+03 5.498007546822750555e+03
-1.387423838276248944e+03 3.129066760122159849e+03 5.330979631754991715e+03
-1.622406548835127069e+03 2.695890736753160127e+03 5.372022544728487446e+03
-1.352831052751781044e+03 3.239139307902904875e+03 5.272032036398606579e+03
-1.311935207913483964e+03 3.171816587509997134e+03 5.306974398510068568e+03
-1.320350432116302045e+03 3.142892536004416797e+03 5.047986985621179883e+03
-1.394441416102373978e+03 3.200154381335064954e+03 5.212042816154126740e+03
-1.464363845509453995e+03 2.745804805843225950e+03 5.297039355819669254e+03
-1.239911144705177094e+03 3.094097789846673095e+03 4.874027000670490452e+03
-1.211691053614126986e+03 3.129237390472011157e+03 4.866015221720699628e+03
-1.680627464081195967e+03 3.304868631883833132e+03 4.527020391146726979e+03
-1.655423881115744962e+03 3.467917689148562204e+03 5.359040403067597254e+03
-1.311885266121212908e+03 2.789186392601476200e+03 4.805953936655465441e+03
-1.294969193720897010e+03 2.776080519245363121e+03 4.859963127568693380e+03
-1.403645935679762033e+03 2.658011130750679968e+03 5.003990632778146392e+03
-1.076277797052551932e+03 2.911109160354574215e+03 4.800042938696791680e+03
-1.084773662578673111e+03 2.923056022899148047e+03 4.994036045867809662e+03
-1.530570798229834963e+03 3.514071764267967865e+03 5.385046201201282202e+03
-1.008570256901635958e+03 2.842924074287067924e+03 4.796985218444193379e+03
-1.267471386894010038e+03 2.823121178514948042e+03 4.951047555389011904e+03
-1.200455701043993940e+03 2.831997161553286787e+03 4.932956939732871433e+03
-9.796832200232049672e+02 2.848947054683781971e+03 5.014987042199297321e+03
-1.486814647067292071e+03 3.607213715545765808e+03 5.350004385975738842e+03
-1.232890763037843953e+03 2.759116533522038026e+03 4.819982784393336260e+03
-9.458356573217328105e+02 2.848976761938048185e+03 5.088992136951960674e+03
-1.479772760710917055e+03 3.608936083442370091e+03 5.402005053308196693e+03
-1.185662320711961002e+03 2.666841913153873975e+03 4.927031094201705855e+03
-9.253394911933668254e+02 2.850969741080080894e+03 4.815994214630766692e+03
-9.133460222612573034e+02 2.845031247197201992e+03 4.795998597218792384e+03
-1.126349639554437090e+03 2.640007851500975903e+03 4.568952885508343570e+03
-9.993965050368001357e+02 2.847147354685519076e+03 4.773984768142314351e+03
-9.048768834770216927e+02 2.786985155144277996e+03 4.723025494767746750e+03
-8.893797280234955451e+02 2.715887208020516937e+03 4.823958340807143031e+03
-8.865413223393086355e+02 2.720070614771188048e+03 4.704956935482813606e+03
-8.315189163300245809e+02 2.697179050751512023e+03 4.656974077203711204e+03
-8.117723721630183036e+02 2.684905444537553194e+03 4.675981811510814623e+03
-1.682989530582743100e+03 3.299847305519948804e+03 5.458022534300635925e+03
-1.776807800278400009e+03 3.324012234606829225e+03 5.473984557693702300e+03
-1.802935168444478904e+03 3.352876843909766194e+03 5.590962111162724796e+03
-1.831821058581336047e+03 3.329939145187638132e+03 5.449965920300511243e+03
-6.488274330230917712e+02 2.736116596441162983e+03 4.644978607527196800e+03
-6.276513406061582145e+02 2.708939752897847029e+03 4.468992339550809447e+03
-6.036736858964884505e+02 2.686930249741927128e+03 4.494003989087706032e+03
-4.879903622888020891e+02 2.694929435544408989e+03 4.401010478616834916e+03
-4.583628878175641717e+02 2.658905194842651781e+03 4.326027829145124088e+03
-5.944861318742337062e+02 2.702941978984168145e+03 4.309998048298149115e+03
-4.676120181452657221e+02 2.581841282371597117e+03 5.365958902205346021e+03
-5.253316140366985110e+02 2.590958819820753888e+03 3.829950577786270969e+03
-4.668170866463389075e+02 2.633014683636069094e+03 4.176037975561875101e+03
-2.636879956947443020e+02 2.679171544667941816e+03 4.206030313314536215e+03
1.080112691371842004e+02 2.649131831591076207e+03 4.268047431388416953e+03
-5.985428370945206211e+01 2.431854520426540148e+03 4.104034750407598949e+03
-6.424709352800360875e+02 2.697113039149128781e+03 4.535995899455843755e+03
3.485233537237762107e+02 2.581785073775939964e+03 4.196966431787294823e+03
5.445970384756500380e+02 2.912138499641440831e+03 4.373010248294252051e+03
7.180700466981591035e+02 2.577008135718740959e+03 3.851037589985071918e+03
-1.275953327561895094e+03 2.625768613581426052e+03 4.905030789042668403e+03
-1.607453896863388081e+03 3.464934581236682789e+03 5.339954174608163157e+03
-1.676658911814243083e+03 3.307931145821572045e+03 5.532020012156509438e+03
-1.462342146711805071e+03 2.335918448766149140e+03 5.434003859621150696e+03
-1.812831735911029000e+03 2.753048366088386956e+03 5.260046960985943770e+03
-2.173924943838548188e+03 2.683975064581341940e+03 4.972963797932699890e+03
-1.255454998429993111e+03 2.790023906797477139e+03 4.801964905640606048e+03
-1.234930918449159890e+03 2.818244260668696825e+03 4.466956424114923720e+03
-1.228012112898835085e+03 2.830837998887563117e+03 5.174952247699138752e+03
-1.213909547288106978e+03 2.893120073001494802e+03 5.246026536028590272e+03
-1.171569747713343986e+03 2.959160219039296862e+03 5.207004052979215885e+03
-1.194897912214587905e+03 2.966065672406217800e+03 5.478996551257197098e+03
-2.020634140197990973e+03 2.521857394918115915e+03 4.166980255436153129e+03
-1.230880918786843949e+03 2.667855235282807826e+03 5.310022159411816574e+03
