 x(m) y(m) z(m) time(s) chi2
       -1897.587333938432        2812.103606026348        5653.996575277937        71040.34421527000        2.319999933242798
       -1920.841116339215        2781.991721785020        5546.002853474921        71040.34447410901       0.4199999868869781
       -1214.748464601018        3148.067069949330        6120.005525365220        71040.35029971400       0.9100000262260437
       -1365.943950751584        2949.864578271564        7022.970014064535        71040.35089743200        1.690000057220459
       -1753.748020934984        2643.159892378212        5811.010033581902        71040.36845614100        1.299999952316284
       -1865.896609581679        2846.072653978067        5864.990829206646        71040.36860429301        1.600000023841858
       -1902.570456706406        2724.900577408522        5746.033059429510        71040.37402544200       0.6200000047683716
       -1788.328170983965        2572.011395985195        5803.029614702168        71040.37544127900       0.5199999809265137
       -1835.552070738711        2763.017874848053        5778.036222319480        71040.37664276399       0.6999999880790710
       -1738.940598735720        2863.044905691444        5988.019036497441        71040.37689033500       0.2599999904632568
       -2047.271312606232        2817.817157748069        6053.048003979667        71040.37885660400       0.9800000190734863
       -1701.540995702565        2937.164900358627        6005.995315217762        71040.38218171500        1.970000028610229
       -1744.578257180190        2854.138715483130        5959.021498158318        71040.38257848700       0.4900000095367432
       -2123.626336784991        2626.964678974019        6408.004716127427        71040.38485345199       0.8799999952316284
       -2152.457321027376        2787.846343571945        6229.026674744667        71040.38716811201        1.139999985694885
       -2081.847459306513        2794.108293308649        6057.047292570556        71040.38726462099        1.179999947547913
       -1782.683439619847        3235.047859240698        6247.028919614432        71040.38858096300       0.2599999904632568
       -1850.410796816731        2771.983089506252        5935.028058277346        71040.38922781400        3.359999895095825
       -1466.624114714618        2349.129859571943        5656.998033954307        71040.39272424600        1.480000019073486
       -2199.750167783568        2698.914226009283        6235.048923911824        71040.39407813799        1.139999985694885
       -2122.920258671261        2624.845473680579        6405.005825006214        71040.39484260100        1.269999980926514
       -1841.331426463118        2321.774292613078        5951.011225610808        71040.39533427299       0.7500000000000000
       -1462.342146711805        2335.918448766149        5434.003859621151        71040.39742727700       0.7599999904632568
       -2126.437248984119        2629.917016172662        6376.002557227172        71040.39755457800       0.8299999833106995
       -2251.947178541592        2784.917294340676        6257.993680444429        71040.39866982000        1.570000052452087
       -2121.619266080414        2422.033331284537        6599.986630928066        71040.39984139201       0.7699999809265137
       -2130.658180092752        2613.802973804822        6328.007785813356        71040.40013640100        1.129999995231628
       -1715.685809299438        3101.193165017785        6247.013818976123        71040.40074808500        1.250000000000000
       -2196.275675884586        2717.197404890010        6402.042361036025        71040.40096479900        1.940000057220459
       -1385.515024200494        2319.926347661050        5742.026859363282        71040.40121057800        1.690000057220459
       -1586.534763732267        2532.965267769207        5686.998943342401        71040.40139627700        1.899999976158142
       -2207.575261504553        2704.926520546532        6425.043700737373        71040.40167529800        1.559999942779541
       -2114.348711598815        2603.953569367347        6074.017206169976        71040.40290588800        1.000000000000000
       -2093.470709656224        2431.859480549668        6835.992194248893        71040.40322205800        3.049999952316284
       -1732.623071238590        3146.964538534739        6296.986780170147        71040.40379990800       0.8100000023841858
       -2111.666431695863        2566.842034929633        6472.033229870235        71040.40415306400       0.6700000166893005
       -1840.594635640576        3258.894083134268        6474.000371963359        71040.40436657600        1.179999947547913
       -1737.555354197078        3146.954064791530        6273.985442649222        71040.40476135700        1.009999990463257
       -2274.663983146424        2801.195540904504        6661.978553460634        71040.40501530000        1.360000014305115
       -1381.296720373868        2318.256077893542        5809.028387476093        71040.40554203700       0.9800000190734863
       -1170.391602668577        1995.933554472667        5827.979599643649        71040.40617737600      0.07000000029802322
       -1525.862985160213        2413.917154650944        5605.959902955811        71040.40817720800        1.159999966621399
       -1785.529797827473        3205.009984799718        6314.043340266640        71040.40890392799       0.2399999946355820
       -1224.597539831652        3045.044902413059        5905.953667251856        71040.40949965300       0.3600000143051147
       -2260.458581048468        2779.890869029700        6381.992893732963        71040.42005746999       0.6000000238418579
       -1817.246737448292        2338.166451125818        5622.012080084571        71040.42031606800        1.019999980926514
       -2278.343041668874        2206.076157799405        6685.011246386305        71040.42514772101        1.110000014305115
       -2235.782507232546        2781.178427417530        6434.001018993451        71040.42534963200        1.500000000000000
       -1754.500090702937        3494.001304077695        6553.999919431384        71040.42710156601        1.610000014305115
       -2089.796598619013        2385.084565973591        6358.011044507852        71040.42877605400        1.480000019073486
       -2203.531678332363        2306.878526441391        6707.001726575202        71040.42905259300       0.9900000095367432
       -2160.930243736549        2714.137716203307        6198.955587725407        71040.42928746900        1.919999957084656
       -2128.519983085974        2631.146397343903        6275.001341355043        71040.42959493800       0.9599999785423279
       -2252.734730894275        2815.101606732369        6510.980158056645        71040.42973317001        4.960000038146973
       -2182.423235775665        2228.977711361345        6830.036753507946        71040.42983699600        1.389999985694885
       -2124.865133092466        3702.933804212235        6614.969062831432        71040.43223680199        1.850000023841858
       -1992.940874028714        3507.147249476519        6496.022381614472        71040.43389496100       0.1199999973177910
       -2072.675447207080        3730.920509905389        6686.969865691728        71040.43447581900        2.490000009536743
       -1691.658672426979        2996.043493860783        6024.970483695812        71040.43517113400       0.8700000047683716
       -1937.783815930179        2837.932130580487        5622.973037618538        71040.43636061100        1.980000019073486
       -2094.517441930640        3986.821771874694        6772.007746632974        71040.44760200600        1.519999980926514
       -2212.503198149191        2753.214297907117        6426.021282470588        71040.44810962700        1.820000052452087
       -1768.717214108869        3528.964255741101        6963.976781757698        71040.44839551100       0.9599999785423279
       -1756.608918352159        3491.020228748720        6524.000971059980        71040.44869994400        1.480000019073486
       -1763.667747846208        3515.181613879216        6553.985728659291        71040.44874515600       0.8700000047683716
       -1566.912762505395        3039.904335163712        6564.981555898687        71040.44941048299        1.399999976158142
       -2186.365447035035        2778.164407688810        6348.019418655974        71040.45493494700        1.299999952316284
       -2091.708694202689        3727.930912901592        6637.965406601965        71040.45527057700        1.960000038146973
       -2087.456567711618        3719.844579072262        6573.971515595484        71040.45544977600       0.8799999952316284
       -2112.886652336900        3749.993545133686        6692.045584474198        71040.45721671700        1.860000014305115
       -1878.721263759493        3461.070246436976        6707.982642361216        71040.45863156200        3.250000000000000
       -1825.734741392643        3446.092604484061        6446.006078844646        71040.45898521401       0.3199999928474426
       -1804.595547384261        2380.165167698141        5819.000110332628        71040.45935569900        1.750000000000000
       -2021.825471885470        4213.895745471024        6842.984923662370        71040.46393258900        1.470000028610229
       -2069.797861646899        4024.054686371434        6712.992343669773        71040.46520415200        1.299999952316284
       -2089.568938604438        3693.989635163166        6543.985883571024        71040.46969280000        1.629999995231628
       -2149.574700453411        3669.069411406209        6642.980426792554        71040.47039735600        1.990000009536743
       -2201.701297872861        3846.067635748019        6527.958213323288        71040.47240987601       0.3700000047683716
       -1237.303794825505        2704.872654903977        5717.005329526020        71040.47319642300       0.4300000071525574
       -1994.347242541225        4127.089855683615        6898.950375407851        71040.47832134500        1.110000014305115
       -2039.526875030961        4105.118950488877        6970.950351606498        71040.48155565900      0.01999999955296516
       -1838.437393768047        4230.050632097014        6987.029619863829        71040.48246507300        1.889999985694885
       -1876.575035940594        4197.093705074235        7103.040393250954        71040.48284871600       0.7200000286102295
       -2191.864146858467        4238.968821510107        6908.011846499340        71040.48309875900        1.429999947547913
       -2293.356849747039        4599.875423908639        6878.025824259897        71040.48443827100        1.490000009536743
       -1995.756929244924        4163.108924797585        6919.026571494038        71040.48619031800        1.389999985694885
       -2015.399116506198        4170.932637950639        6570.015191712238        71040.48817273699        1.440000057220459
       -2510.617644741510        2543.947769578024        7233.998379420726        71040.49174939599        1.750000000000000
       -2295.419639617348        4704.021834787400        6799.049005170152        71040.51614933400        1.210000038146973
       -2139.732641060504        2708.161097686709        6099.965252469514        71040.51704022700        1.370000004768372
       -2566.933169992599        4861.166850514379        6699.027270314290        71040.52417577300       0.9200000166893005
       -2265.874376936920        4524.070227022784        6912.989894396363        71040.52639091400       0.8999999761581421
       -2287.748884754435        4471.110432783845        6891.019533583900        71040.52652015899        1.120000004768372
       -1713.548167816041        2910.923428887815        6040.004173883667        71040.52692707600        1.200000047683716
       -2192.490678482357        3787.944638768016        6373.996215749919        71040.52702733300       0.9200000166893005
       -2489.963442705876        4840.226378281622        6482.973508274580        71040.53243127601        1.610000014305115
       -2322.928298920191        4693.849852721265        6782.046573816164        71040.53390424501      0.07999999821186066
       -2585.917100210218        4978.869402405185        6624.028663041543        71040.53523373300      0.09000000357627869
       -2210.900698017051        4272.853553141983        6896.982620532590        71040.53751951200      0.07000000029802322
       -2080.385828144060        3696.932861921223        6509.987162084614        71040.53777387900        1.159999966621399
       -2714.765207274485        5203.061659094397        6207.995850723263        71040.54367020600        1.500000000000000
       -2693.679393948478        4895.110687676259        6177.048980740166        71040.54603968900        1.379999995231628
       -2531.561370742725        4835.959910377553        6427.960391323702        71040.55057380600        1.649999976158142
       -2732.355850593506        5297.064148692054        6171.010369743157        71040.56625083199       0.7699999809265137
       -2760.699014460642        4868.874587240573        6183.040518368976        71040.56642939700        1.980000019073486
       -2723.988297762578        4870.925745394394        6109.954574783354        71040.56694939001       0.6399999856948853
       -2685.880487751182        4900.968049457882        6086.047718184976        71040.56698796000        1.490000009536743
       -2563.382328989982        4919.181260079623        6678.984095410057        71040.56768161900       0.1099999994039536
       -2956.813191471882        4866.852705918441        6230.954361102640        71040.56819623100        3.769999980926514
       -2819.773674439838        5619.091526430748        6289.996456632723        71040.57774259800       0.6100000143051147
       -2800.790756807595        5311.102938551328        6220.969062337945        71040.57851157000       0.1299999952316284
       -2692.906654012393        5322.154268408304        6305.006231343788        71040.58237396000       0.7799999713897705
       -2900.879403298214        5631.818343506171        6285.048999279713        71040.58483197000        1.120000004768372
