-1.897587333938432039e+03 2.812103606026348189e+03 5.653996575277937154e+03
-1.920841116339214977e+03 2.781991721785020218e+03 5.546002853474920812e+03
-1.214748464601017986e+03 3.148067069949329834e+03 6.120005525365219910e+03
-1.365943950751583998e+03 2.949864578271563914e+03 7.022970014064534553e+03
-1.753748020934983970e+03 2.643159892378212135e+03 5.811010033581901553e+03
-1.865896609581679058e+03 2.846072653978067137e+03 5.864990829206645685e+03
-1.902570456706406048e+03 2.724900577408522167e+03 5.746033059429510104e+03
-1.788328170983965038e+03 2.572011395985195122e+03 5.803029614702168146e+03
-1.835552070738711109e+03 2.763017874848052998e+03 5.778036222319479748e+03
-1.738940598735719959e+03 2.863044905691444001e+03 5.988019036497441448e+03
-2.047271312606231959e+03 2.817817157748068894e+03 6.053048003979666646e+03
-1.701540995702564942e+03 2.937164900358627165e+03 6.005995315217762254e+03
-1.744578257180189894e+03 2.854138715483129999e+03 5.959021498158317627e+03
-2.123626336784991054e+03 2.626964678974019080e+03 6.408004716127426946e+03
-2.152457321027376111e+03 2.787846343571944999e+03 6.229026674744666707e+03
-2.081847459306512974e+03 2.794108293308649081e+03 6.057047292570556237e+03
-1.782683439619846922e+03 3.235047859240698017e+03 6.247028919614432198e+03
-1.850410796816730908e+03 2.771983089506251872e+03 5.935028058277345735e+03
-1.466624114714617917e+03 2.349129859571943143e+03 5.656998033954307175e+03
-2.199750167783568031e+03 2.698914226009283084e+03 6.235048923911824204e+03
-2.122920258671260854e+03 2.624845473680578834e+03 6.405005825006213854e+03
-1.841331426463118078e+03 2.321774292613078160e+03 5.951011225610807742e+03
-1.462342146711805071e+03 2.335918448766149140e+03 5.434003859621150696e+03
-2.126437248984118924e+03 2.629917016172661988e+03 6.376002557227171565e+03
-2.251947178541592166e+03 2.784917294340676108e+03 6.257993680444428719e+03
-2.121619266080414036e+03 2.422033331284536871e+03 6.599986630928066006e+03
-2.130658180092751991e+03 2.613802973804822159e+03 6.328007785813356350e+03
-1.715685809299438006e+03 3.101193165017784850e+03 6.247013818976122820e+03
-2.196275675884585780e+03 2.717197404890010148e+03 6.402042361036024886e+03
-1.385515024200494054e+03 2.319926347661049931e+03 5.742026859363281801e+03
-1.586534763732267038e+03 2.532965267769207003e+03 5.686998943342400707e+03
-2.207575261504553055e+03 2.704926520546532174e+03 6.425043700737373001e+03
-2.114348711598815044e+03 2.603953569367346972e+03 6.074017206169975907e+03
-2.093470709656223789e+03 2.431859480549668206e+03 6.835992194248892702e+03
-1.732623071238590001e+03 3.146964538534738949e+03 6.296986780170146631e+03
-2.111666431695863139e+03 2.566842034929632973e+03 6.472033229870235118e+03
-1.840594635640575916e+03 3.258894083134267930e+03 6.474000371963358702e+03
-1.737555354197078032e+03 3.146954064791530072e+03 6.273985442649222023e+03
-2.274663983146424016e+03 2.801195540904504014e+03 6.661978553460634430e+03
-1.381296720373868084e+03 2.318256077893542169e+03 5.809028387476092576e+03
-1.170391602668576979e+03 1.995933554472667083e+03 5.827979599643648726e+03
-1.525862985160212929e+03 2.413917154650944212e+03 5.605959902955811231e+03
-1.785529797827472976e+03 3.205009984799718040e+03 6.314043340266640371e+03
-1.224597539831652057e+03 3.045044902413058935e+03 5.905953667251856132e+03
-2.260458581048468204e+03 2.779890869029699843e+03 6.381992893732963239e+03
-1.817246737448291924e+03 2.338166451125818185e+03 5.622012080084570698e+03
-2.278343041668873866e+03 2.206076157799404882e+03 6.685011246386305174e+03
-2.235782507232545868e+03 2.781178427417530202e+03 6.434001018993450998e+03
-1.754500090702937086e+03 3.494001304077694840e+03 6.553999919431384114e+03
-2.089796598619012912e+03 2.385084565973590998e+03 6.358011044507851693e+03
-2.203531678332362844e+03 2.306878526441390932e+03 6.707001726575202156e+03
-2.160930243736549073e+03 2.714137716203306809e+03 6.198955587725406986e+03
-2.128519983085974218e+03 2.631146397343903118e+03 6.275001341355043223e+03
-2.252734730894274890e+03 2.815101606732368964e+03 6.510980158056645450e+03
-2.182423235775665034e+03 2.228977711361344973e+03 6.830036753507945832e+03
-2.124865133092465840e+03 3.702933804212234918e+03 6.614969062831431984e+03
-1.992940874028714006e+03 3.507147249476518937e+03 6.496022381614471669e+03
-2.072675447207080197e+03 3.730920509905388826e+03 6.686969865691728046e+03
-1.691658672426978910e+03 2.996043493860783201e+03 6.024970483695811708e+03
-1.937783815930178889e+03 2.837932130580486955e+03 5.622973037618538001e+03
-2.094517441930639961e+03 3.986821771874694150e+03 6.772007746632973976e+03
-2.212503198149191121e+03 2.753214297907116816e+03 6.426021282470587721e+03
-1.768717214108869030e+03 3.528964255741101169e+03 6.963976781757697609e+03
-1.756608918352158980e+03 3.491020228748720001e+03 6.524000971059979747e+03
-1.763667747846207931e+03 3.515181613879216002e+03 6.553985728659291453e+03
-1.566912762505394994e+03 3.039904335163711949e+03 6.564981555898686565e+03
-2.186365447035034776e+03 2.778164407688810115e+03 6.348019418655973823e+03
-2.091708694202689003e+03 3.727930912901591910e+03 6.637965406601964787e+03
-2.087456567711617936e+03 3.719844579072262150e+03 6.573971515595483652e+03
-2.112886652336900170e+03 3.749993545133685984e+03 6.692045584474198222e+03
-1.878721263759493013e+03 3.461070246436976049e+03 6.707982642361215767e+03
-1.825734741392642945e+03 3.446092604484061212e+03 6.446006078844646254e+03
-1.804595547384260954e+03 2.380165167698140976e+03 5.819000110332627628e+03
-2.021825471885470051e+03 4.213895745471024384e+03 6.842984923662370420e+03
-2.069797861646899037e+03 4.024054686371433945e+03 6.712992343669772708e+03
-2.089568938604437790e+03 3.693989635163165985e+03 6.543985883571023805e+03
-2.149574700453410969e+03 3.669069411406208928e+03 6.642980426792553772e+03
-2.201701297872860778e+03 3.846067635748018802e+03 6.527958213323287964e+03
-1.237303794825505065e+03 2.704872654903977036e+03 5.717005329526020432e+03
-1.994347242541224887e+03 4.127089855683614587e+03 6.898950375407851425e+03
-2.039526875030961037e+03 4.105118950488877090e+03 6.970950351606497861e+03
-1.838437393768047059e+03 4.230050632097014386e+03 6.987029619863828884e+03
-1.876575035940594034e+03 4.197093705074235004e+03 7.103040393250954367e+03
-2.191864146858466938e+03 4.238968821510106864e+03 6.908011846499340209e+03
-2.293356849747039178e+03 4.599875423908639277e+03 6.878025824259896581e+03
-1.995756929244924095e+03 4.163108924797585132e+03 6.919026571494037853e+03
-2.015399116506197970e+03 4.170932637950639219e+03 6.570015191712238448e+03
-2.510617644741510048e+03 2.543947769578023781e+03 7.233998379420726451e+03
-2.295419639617347912e+03 4.704021834787399712e+03 6.799049005170151759e+03
-2.139732641060504193e+03 2.708161097686709127e+03 6.099965252469513871e+03
-2.566933169992598778e+03 4.861166850514378893e+03 6.699027270314290035e+03
-2.265874376936919816e+03 4.524070227022783911e+03 6.912989894396362615e+03
-2.287748884754435039e+03 4.471110432783844772e+03 6.891019533583899829e+03
-1.713548167816041087e+03 2.910923428887815135e+03 6.040004173883667136e+03
-2.192490678482356998e+03 3.787944638768015921e+03 6.373996215749919429e+03
-2.489963442705875877e+03 4.840226378281621692e+03 6.482973508274580126e+03
-2.322928298920191082e+03 4.693849852721265052e+03 6.782046573816163800e+03
-2.585917100210217995e+03 4.978869402405184701e+03 6.624028663041543041e+03
-2.210900698017051127e+03 4.272853553141982957e+03 6.896982620532589863e+03
-2.080385828144059815e+03 3.696932861921222866e+03 6.509987162084614283e+03
-2.714765207274484965e+03 5.203061659094397328e+03 6.207995850723263175e+03
-2.693679393948477809e+03 4.895110687676258749e+03 6.177048980740166371e+03
-2.531561370742725103e+03 4.835959910377552660e+03 6.427960391323702424e+03
-2.732355850593506148e+03 5.297064148692054005e+03 6.171010369743156843e+03
-2.760699014460642047e+03 4.868874587240573419e+03 6.183040518368976336e+03
-2.723988297762577986e+03 4.870925745394393743e+03 6.109954574783353564e+03
-2.685880487751182045e+03 4.900968049457882444e+03 6.086047718184975565e+03
-2.563382328989981943e+03 4.919181260079622916e+03 6.678984095410057307e+03
-2.956813191471881964e+03 4.866852705918440734e+03 6.230954361102640178e+03
-2.819773674439838032e+03 5.619091526430747763e+03 6.289996456632722584e+03
-2.800790756807594789e+03 5.311102938551328407e+03 6.220969062337944706e+03
-2.692906654012393119e+03 5.322154268408304233e+03 6.305006231343788386e+03
-2.900879403298214129e+03 5.631818343506171004e+03 6.285048999279712916e+03
