-2.389879253302780853e+03 -9.659255100329967263e+02 8.452980011104455116e+03
-1.798851373495851021e+03 -1.032108031697051047e+03 8.178963026145645017e+03
-2.320681954630882956e+03 -1.007034850377512043e+03 8.412999127736697119e+03
-2.187874240813630877e+03 -6.871789504922768401e+02 8.421988924868297545e+03
-2.526875652043546779e+03 -1.001062137335580019e+03 8.487021514671476325e+03
-2.389921928185885918e+03 -9.379811876433716407e+02 8.585984186048384800e+03
-1.676811896547864990e+03 -1.213939355892742014e+03 8.447964125509466612e+03
-2.139864932404028877e+03 -6.058459905533950405e+02 8.478013440441278362e+03
-1.752330209062768063e+03 -1.252878326847388962e+03 8.309036903704360157e+03
-2.849631486586657047e+03 -8.217876162345174862e+02 8.806012098246510504e+03
-2.846752855860685031e+03 -8.188069885907904109e+02 8.686013751897653492e+03
-2.273553730524120965e+03 -2.558783046022228973e+02 9.416991051078117380e+03
-3.058574034844412836e+03 -5.619875310624202029e+02 8.863043419284816991e+03
-3.172847906082241025e+03 -4.331290641626084721e+02 8.730997790046325463e+03
-2.223881383306010775e+03 -3.808521224746539247e+02 8.628002219470597993e+03
-2.267694064743770923e+03 -3.189880322858488739e+02 8.779990240965456906e+03
-2.965298886127665810e+03 -2.090579646345834988e+02 8.940009137718785496e+03
-2.977394203804962217e+03 -2.560948133946557164e+02 9.107001816019625039e+03
-2.877772205566986031e+03 -1.459514913965236929e+02 9.033950315500320357e+03
-2.704794687158916986e+03 2.819834670437027171e+02 9.335021284187478159e+03
-2.431656689933619873e+03 -1.159012657155144899e+00 9.420037633845604432e+03
-2.323522534348157023e+03 2.348441158280186016e+02 9.294973891590630956e+03
-2.599493775385400113e+03 2.717732530004278146e+02 9.084965774436563152e+03
-2.629812152050039003e+03 3.730533591501331898e+02 9.054047852402134595e+03
-2.369333189692059932e+03 4.818989855682245889e+02 9.238042775149962836e+03
-2.329801035512421095e+03 6.319078721026747871e+02 9.354044184188302097e+03
-2.370740369440986797e+03 4.450305196360282025e+02 9.200044935579460798e+03
-2.447767970896397856e+03 2.022440601577741859e+02 9.221028258873735467e+03
-1.977562020752030094e+03 3.080781495990407848e+02 9.361986542912154619e+03
-1.609753962119953030e+03 4.491395036172274899e+02 9.641981727415823116e+03
-1.809532858774899978e+03 3.940735096442688246e+02 9.462031563163251121e+03
-1.811669050984354044e+03 4.288284116804907171e+02 9.549028715259246383e+03
-1.402812983486312987e+03 5.139254767263860231e+02 9.408025566940041244e+03
-1.533459359694352088e+03 4.512344800531762985e+02 9.483000325679146044e+03
-1.660564490196878978e+03 5.449182765675308247e+02 9.602961253798932376e+03
-1.574400882311688065e+03 4.198785330190631271e+02 9.421992519903200446e+03
-1.983874696554627008e+03 8.509434754810885124e+02 9.593035758528812948e+03
-1.463599161357041112e+03 4.681875862364221916e+02 9.667015478547220482e+03
-1.470644353638884922e+03 4.618267907967651240e+02 9.595014324732968817e+03
-2.005701533562903023e+03 9.111020667400299544e+02 9.441020613429722289e+03
-1.960606479422531038e+03 9.319020919173220818e+02 9.749031605818623575e+03
-1.503868005254046011e+03 4.792198502789968870e+02 9.770005316918895915e+03
-1.659893209526142073e+03 5.360296926945052292e+02 9.730962187618635653e+03
-1.439539545911045025e+03 3.278965620751837946e+02 9.337029704559623497e+03
-1.465717489180156008e+03 4.631023645063697245e+02 9.664015365273700809e+03
-1.845510162536947973e+03 6.699587643220304471e+02 9.537998223860280632e+03
-1.854738163022778963e+03 5.479226462914779177e+02 9.626007233269416247e+03
-1.816580401900584093e+03 6.551268184669692118e+02 9.592008054362560870e+03
-1.636548707179756093e+03 6.050902051845038159e+02 9.605962009600780220e+03
-1.815858761322178907e+03 5.228977950058871329e+02 9.448020489486982115e+03
-1.435380373018881983e+03 5.050624718306771115e+02 9.800019059708869463e+03
-1.488322976106886017e+03 3.660598436981766781e+02 9.646016464043326778e+03
-1.380941669151859060e+03 4.139152924121717092e+02 9.415037617621808749e+03
-1.412728341248634933e+03 3.639179784110204992e+02 9.446033729613025571e+03
-1.363290348261237114e+03 4.109462856051325161e+02 9.413041597695360906e+03
-1.466417217198159051e+03 6.139743591740269721e+02 9.738002442022865580e+03
-1.252444591775622939e+03 3.482133961307317236e+02 9.393967424849439340e+03
-1.563834441777031998e+03 5.080318067102874124e+02 9.580988692277031078e+03
-1.299777744996360980e+03 3.600931085560048928e+02 9.536957320595385681e+03
-1.320896227333829074e+03 5.338252565269317529e+02 9.346041374270635060e+03
-1.400772571734547000e+03 2.872225442210685173e+02 9.610040287099365742e+03
-1.181843669219899994e+03 2.710790039269589897e+02 9.366984615912964728e+03
-1.229891692321391020e+03 1.219241706196288959e+02 9.453980161175521062e+03
-1.241851726827633001e+03 1.990452815820630121e+02 9.282975901698377129e+03
-1.324471320003663095e+03 2.490626109359550071e+02 9.370957562880505066e+03
-1.312431299845711010e+03 3.977949080091603946e+02 9.290952485697458542e+03
-1.095723252789978915e+03 2.710733078543502188e+02 9.475999955625729854e+03
-1.143719727510871962e+03 3.587964672956052823e+02 9.443987209695655110e+03
-1.287744486794953900e+03 5.728229164393725341e+02 9.531044750958053555e+03
-1.142299410578734069e+03 2.710729688674815065e+02 9.338991802427015500e+03
-1.145824336835981967e+03 2.960743690767462795e+02 9.325990057600536602e+03
-1.033594268349961112e+03 2.011446909005937869e+02 9.461012894047811642e+03
-1.046305441577555030e+03 1.858906217118228881e+02 9.462011290533793726e+03
-1.019502560228808989e+03 1.541091520967783879e+02 9.616016471018496304e+03
-9.728786641565966420e+02 1.888501929588236123e+02 9.497022797179710324e+03
-1.022306357737799999e+03 1.269849912961569061e+02 9.469016620405540380e+03
-9.813436444421153055e+02 9.519705638330763975e+01 9.382023592029516294e+03
-1.027969881482202027e+03 1.409720774488604889e+02 9.571015419341098095e+03
-8.337633098768714035e+02 1.917992447665428131e+02 9.362042360535484477e+03
-8.662920853841870894e+02 1.918132440833215924e+02 9.730038039355167712e+03
-8.683580746547071385e+02 2.040910141255093890e+02 9.353037373630448201e+03
-9.403984178076652825e+02 2.100355508349715024e+02 9.507026992745873940e+03
-7.363293119132182483e+02 1.159381803715995005e+02 9.334956547412102736e+03
-8.076318135367412197e+02 1.629795597187444116e+02 9.286046517127573679e+03
-7.243221082182892587e+02 9.220621200847055832e+01 9.282958306561680729e+03
-7.243172857689349939e+02 9.305310141125016798e+01 9.240958294508311155e+03
-7.158639161284635293e+02 9.220745232725887774e+01 9.412959259920444310e+03
-7.716249652763154927e+02 1.121260261186292979e+02 9.268952453272882849e+03
-6.275993398942628119e+02 3.211472982805693821e+00 9.301969198928503829e+03
-7.355993333391378428e+02 1.350029738415231861e+02 9.139956254264321615e+03
-6.487955281519656410e+02 2.906253979929563869e+01 9.457967018597275455e+03
-7.666546963157132950e+02 5.322199087633085668e+01 8.996953814317974320e+03
-7.313567041100526467e+02 2.057673446411313023e+02 9.131954846453643768e+03
-6.423952854754326154e+02 1.248250196044313043e+02 9.069966505098198468e+03
-7.836282140303001142e+02 1.939126606080282897e+02 9.326048636985882695e+03
-5.937011478935892228e+02 9.092595597967843446e+01 9.287971787533080715e+03
-8.083236616712795239e+02 2.600169098665460865e+02 9.239043204724463067e+03
-6.007617731005575479e+02 -1.027780861645297028e+00 9.225971777176222531e+03
-6.177214293866712751e+02 7.101262571871852458e+01 9.420969766059488393e+03
-5.704058910752950169e+02 7.312742285443795254e+01 9.329974137648438045e+03
-5.506486814058691834e+02 -5.696700784730742839e+01 9.389976034999303010e+03
-5.619469699833967979e+02 -1.201057941965456024e+02 9.357974173627646451e+03
-5.668806085024152708e+02 -7.094897575914035315e+01 9.289974475654118578e+03
-5.584119734528060235e+02 -9.001883134992031898e+01 9.325974979840908418e+03
-5.746595942556855334e+02 -2.984531844754567942e+01 9.452974107393109080e+03
-5.428853829838083129e+02 -8.790214812929013988e+01 9.411976346858285979e+03
-5.322885995836387565e+02 -1.230731234869571011e+02 9.322976654532989414e+03
-4.729764862868249793e+02 -1.247709490854117007e+02 9.305981283852484921e+03
-1.839805468689193049e+03 -1.074042245864326105e+03 8.167044528823360451e+03
-4.263817808060210268e+02 -4.680369546844811168e+01 9.457985611956659341e+03
-3.564769506563495156e+02 -5.994286442874003029e+01 9.417989780979254647e+03
-3.120717981496714856e+03 -4.789233037106607753e+02 8.940020191449870254e+03
-4.383807595906400820e+02 -9.935675225001620703e+00 9.415984964815750573e+03
-4.355574331837341902e+02 -3.197135208178474031e+01 9.415985085213484126e+03
-3.924807529783652740e+02 -6.123771599596018689e+00 9.344987951596593120e+03
-3.903623222723380763e+02 -5.316045853477874772e+01 9.309987862148964268e+03
-3.197585241727161929e+02 -5.909631727120522271e+01 9.381991730466941590e+03
-3.995435060362493118e+02 -5.188910964890160216e+01 9.345987305608217866e+03
