1.213580863221025993e+03 5.379626973480541210e+02 8.330961686546070268e+03
1.165621788221729958e+03 4.311985357185430985e+02 8.498978743523806770e+03
1.247522794894483013e+03 4.621445518974524020e+02 8.574961116420765393e+03
1.231215566142250054e+03 6.010920291908980744e+02 8.303952664249465670e+03
1.336504001398860055e+03 3.481839074931538107e+02 8.644950391590640720e+03
1.324524093893809095e+03 2.689507238323088814e+02 8.695956727537402912e+03
1.142356798048110932e+03 4.718859308947418185e+02 8.701980059701678329e+03
1.371096680247615041e+03 2.947997967775293091e+02 8.609046348557954843e+03
1.313994488059420974e+03 2.901488856582002995e+02 9.002957975896422795e+03
1.362688977445242017e+03 2.990498837448367908e+02 8.912047955016951164e+03
1.433279528384749028e+03 1.918537949074975018e+02 8.795036651685984907e+03
1.387363194663591912e+03 3.388764183741886882e+02 8.773040649130251040e+03
1.343656359725747052e+03 1.630320105957785870e+02 8.960956336072094928e+03
1.243432134475360954e+03 1.312413926277687040e+02 9.097977350325058069e+03
1.235605494831233045e+03 1.439457080434879970e+02 8.794978587200806942e+03
1.224323999688198910e+03 8.292912678412915284e+01 8.829981845694092044e+03
1.351430678864681113e+03 6.176127909731376775e+01 8.930956485373111718e+03
1.184075766792276909e+03 1.210588851757263029e+02 8.825988815033917490e+03
1.359204392768700927e+03 -3.018651366033494909e+01 8.903955065007323356e+03
1.320368204977472033e+03 1.896030265040003826e+01 8.914963246607621841e+03
1.371223925600618941e+03 -5.306654677235537321e+01 8.967952350366291284e+03
1.309082325882071927e+03 -5.307490566184753789e+01 8.917965374284747668e+03
1.400102162155329097e+03 -9.597898044571162579e-02 8.687046892307595044e+03
1.270295404113569020e+03 1.090310853948724912e+01 9.186973415333735829e+03
1.286513139524807912e+03 -3.019735493590505016e+01 9.051970107755718345e+03
1.362079061202093044e+03 2.017182359505127920e+00 9.162954530400193107e+03
1.286538567446740899e+03 -1.628277436197064958e+02 9.088968092129278375e+03
1.318313904430169941e+03 -1.878238446724182893e+02 9.084960930878518411e+03
1.242109718492200045e+03 -2.420811250724250101e+02 9.307974360665353743e+03
1.310528871383937030e+03 -1.988390877622800019e+02 8.987962194588017155e+03
1.331061750470358902e+03 -2.369814171471095108e+02 9.237956652646838847e+03
1.313359972827616048e+03 -1.937550407145544114e+02 9.024961771281419715e+03
1.288698832589022913e+03 -2.590219853769477822e+02 9.232964472143930834e+03
1.326062496557287886e+03 -2.662085015997491837e+02 8.944956529478155062e+03
1.274620209569713097e+03 -2.039447330628159989e+02 9.485969302491794224e+03
1.283038561028510003e+03 -2.518169346785907976e+02 9.179965898487151208e+03
1.268184433863156983e+03 -2.641016306254293795e+02 9.037968361085526340e+03
1.227248493100523092e+03 -2.009743834715258117e+02 9.161978658304378769e+03
1.226546147765131082e+03 -2.208906270195284947e+02 9.167978133122383952e+03
1.222290374646415103e+03 -2.369892705556563897e+02 9.055978366870978789e+03
1.311999390743570984e+03 -2.399505759442064914e+02 9.244960481383854130e+03
1.318368329894286035e+03 -2.679192331195769157e+02 9.294958056578474498e+03
1.313416193278802893e+03 -2.319001697898623888e+02 9.272960489538501861e+03
1.257630575857762096e+03 -2.039399769318243898e+02 9.266972662387304808e+03
1.388257858152308017e+03 -3.051952983723156763e+02 9.208042169957678198e+03
1.379099750263344959e+03 -3.619820210020099012e+02 9.267041176867618560e+03
1.310634620523170042e+03 -3.708975317509099909e+02 9.387954480642014460e+03
1.439146205501333952e+03 -4.501179222489349740e+02 9.334022322840019115e+03
1.417241395075408036e+03 -4.950314459940041161e+02 9.234023877923078544e+03
1.424321428590430060e+03 -5.030879263319579877e+02 9.314021675221789337e+03
1.466660699656167935e+03 -4.539199389819664248e+02 9.228015797812031451e+03
1.491387379697169081e+03 -4.657846094490467976e+02 9.277009222431881426e+03
1.417238010222024059e+03 -4.649456946644214099e+02 9.239026147743143156e+03
1.551454057374173999e+03 -6.238430073495965189e+02 9.367981403337975280e+03
1.689136864990259028e+03 -5.530524289051498954e+02 9.371953059369736366e+03
1.664441657077014952e+03 -6.242504641817381525e+02 9.396952951459845281e+03
1.615704239312638038e+03 -5.950159692540175911e+02 9.358968251071311897e+03
1.296987002847246004e+03 3.049627929794448278e+02 8.701960749349611433e+03
1.737165154004758961e+03 -6.191498993446966779e+02 9.372033714206159857e+03
1.895282441251129057e+03 -5.648655628002456979e+02 9.223993844203394474e+03
1.822631971516917929e+03 -5.911760198629804108e+02 9.481012588162568136e+03
1.858585844765018010e+03 -5.941162499128837453e+02 9.276001955450907190e+03
1.865649090521757898e+03 -6.271659515700116572e+02 9.260996726858766124e+03
1.980089999327183932e+03 -6.780064910335800050e+02 9.389957105460229286e+03
2.003989936726258975e+03 -6.360175906835248725e+02 9.071953976888697071e+03
2.144579284051375907e+03 -7.131268909929966640e+02 9.249000791422731709e+03
2.133307941028091136e+03 -6.961894320517745882e+02 9.340006442761634389e+03
2.131162228741597119e+03 -6.961809386315775328e+02 9.258007154168988563e+03
2.202508160203172793e+03 -6.699025982611350400e+02 9.356985802901444913e+03
2.220239059008834829e+03 -6.978888704074513498e+02 9.561976677236243631e+03
2.216633491302422044e+03 -5.749844192526406914e+02 9.428990209003963173e+03
2.331029336934161165e+03 -8.071592669532327591e+02 9.281023918508988572e+03
2.398153041175306043e+03 -5.808834515928796236e+02 9.544023789096965629e+03
2.448251930950731094e+03 -7.990808639834981477e+02 9.299981130261392536e+03
2.380494406475113919e+03 -5.902089534829315198e+02 9.524029528061015299e+03
2.447513482716356975e+03 -7.999178677235263422e+02 9.214981300925761388e+03
2.366289989620277993e+03 -8.431497604617030674e+02 9.133006289177217695e+03
2.475699494747428162e+03 -6.901516870853317869e+02 9.136983292642386004e+03
2.359194329276932876e+03 -7.592463458350493966e+02 9.096019470698105579e+03
2.362028135377882791e+03 -7.939924709095947719e+02 9.098014184729508997e+03
2.346482797489442873e+03 -8.461075640392457444e+02 9.033013188653718316e+03
2.503292970109635917e+03 -9.431138323133081940e+02 9.108039698090569800e+03
2.508190302322714160e+03 -9.519928065599012825e+02 8.986036446179930863e+03
2.544232462478196794e+03 -9.447919596316338584e+02 9.068023286242962058e+03
2.558354025470459874e+03 -9.702094732968813560e+02 9.049013825732930854e+03
2.553419765130026917e+03 -1.010888459553254961e+03 9.043009466360028455e+03
1.265285582710381050e+03 1.172575684764367026e+02 8.917973332552088323e+03
1.245436778538243971e+03 3.130032902741178873e+02 8.637970607322620708e+03
1.250346217438629992e+03 2.901154071770181986e+02 8.456970729980999749e+03
1.263058961091707943e+03 2.841864061686666219e+02 8.480968499105774754e+03
1.347087081625126075e+03 3.541158402458930823e+02 8.618048428510439408e+03
1.315985446919075002e+03 3.100352143931584123e+02 8.398956615235616482e+03
1.336449376223466970e+03 3.918117006892738914e+02 8.413048446961991431e+03
1.327264107500210002e+03 3.909606221099454046e+02 8.373949825953421168e+03
1.358333272496347945e+03 4.151188925626304922e+02 8.427042357531539892e+03
1.360448003439797958e+03 4.248636457923371950e+02 8.419041264553543442e+03
1.308218912065543009e+03 4.129957034549137802e+02 8.462952361643370750e+03
1.459298927582773103e+03 3.901390703422403021e+02 8.479021690614539693e+03
1.336425397336759033e+03 4.062105944466845244e+02 8.308047546650039294e+03
1.504487673065174931e+03 3.880295869775824826e+02 8.511011346295417752e+03
1.462087584385114951e+03 4.579234799346644991e+02 8.371016533818014068e+03
1.437395852719836057e+03 5.202115571142768431e+02 8.484017349258814647e+03
1.443044552915896929e+03 5.541107578389792252e+02 8.512013216223596828e+03
1.466341120043973888e+03 5.541145041880015469e+02 8.514007915221996882e+03
1.465643173890824073e+03 6.388638008780806103e+02 8.606000134556408739e+03
1.415521871791180047e+03 6.401278137122847056e+02 8.611011301148086204e+03
1.442332914789019014e+03 6.850409581847336540e+02 8.575000631647570117e+03
1.276465989409535950e+03 6.998639058822927836e+02 8.730034290379842787e+03
1.525689552776284927e+03 6.011771306229024958e+02 8.751989763901605329e+03
1.474114245134647035e+03 7.431051006026298182e+02 8.674986871058308679e+03
1.534179997252065959e+03 6.448322608495544728e+02 8.859983462318756210e+03
1.442427306141787994e+03 5.969440034400329296e+02 8.934009494418070972e+03
1.391588655713838079e+03 5.482017420888165589e+02 8.866025144778417598e+03
1.421267189840431911e+03 6.050004951203234214e+02 9.027013475070760251e+03
1.215096614082628093e+03 7.477696265039393211e+02 9.019040806873435940e+03
1.138134214188241003e+03 6.939356435474262526e+02 8.925960479218103501e+03
1.102183462398927077e+03 6.761668867754852954e+02 9.227968696467529298e+03
1.331607105049037955e+03 7.850906798983736508e+02 9.155013113057821101e+03
1.163553500760008092e+03 8.210711850919303743e+02 9.034041360311402968e+03
1.227094152476076943e+03 7.668381426143845374e+02 9.010036246371601010e+03
1.321021316711211966e+03 7.270341522117241766e+02 9.136022205085046153e+03
1.301253032692696024e+03 7.249123669423212277e+02 9.133026500691867113e+03
1.303341386969716950e+03 8.011744145208799637e+02 9.039016929544653976e+03
1.172045044108813954e+03 1.066037179892414997e+03 9.307003500358659949e+03
1.296315801529319970e+03 9.660492432521061801e+02 9.318995476132849944e+03
9.016568734078232410e+02 1.051182682869688051e+03 9.346049817251465356e+03
9.475194645247693188e+02 1.140153817673174899e+03 9.222027866081347383e+03
9.241847110888035104e+02 1.260884537803588046e+03 9.044008503266892149e+03
9.256037018472428599e+02 1.240128404840067105e+03 9.079012377291013763e+03
9.065442152638522657e+02 1.412192299634976962e+03 9.203979259358278796e+03
9.340596642426062317e+02 1.565164832508422933e+03 9.192039127497284426e+03
1.010286266677833055e+03 1.557944229980201953e+03 9.091029304977362699e+03
8.606309162127076888e+02 1.485886205463549004e+03 9.058968820740637966e+03
9.164047333021161421e+02 1.611771945633827045e+03 9.179030049452112507e+03
9.241801234251632877e+02 1.543979203838784997e+03 9.203045738227056063e+03
1.114055943888791035e+03 1.599909867046822910e+03 9.106001656174057644e+03
1.012401573908214004e+03 1.504117206118507056e+03 9.039041916889300410e+03
1.125374767485883922e+03 1.588078393721930070e+03 9.234002643184585395e+03
1.112667251954293079e+03 1.607148143243138065e+03 9.244000080790288848e+03
1.192402101696188083e+03 1.599903052760224909e+03 9.040987523937581500e+03
1.151477049433171942e+03 1.561780600654092950e+03 9.118004497869207626e+03
1.182564355535117102e+03 1.563938268411224044e+03 9.260998300744980952e+03
1.186047705877135058e+03 1.624905522030493103e+03 9.051982372068452605e+03
1.194519223216753062e+03 1.743151788995447077e+03 9.134050097440114769e+03
1.113386555064384083e+03 1.580890376503193920e+03 9.303006534562107845e+03
1.234039407460531038e+03 1.729154588848329922e+03 9.065046406561988988e+03
1.206499910131354000e+03 1.829159314480619969e+03 9.086023707702332104e+03
1.293306180326912909e+03 1.779978914994828983e+03 8.950020674956225776e+03
1.139437107831309959e+03 1.777019286535072069e+03 9.043950193785567535e+03
1.187411416315324004e+03 1.824026463339547036e+03 8.927028744969487889e+03
1.226249997286332928e+03 1.943994399933887053e+03 9.082985910388269986e+03
1.263647055030772890e+03 2.052050682792258158e+03 9.076044315119997918e+03
1.165528961025760054e+03 2.011776229990751062e+03 9.054976200928856997e+03
1.167634538386427039e+03 2.018112896659921034e+03 8.992973806453559519e+03
1.149996822488998077e+03 2.029146944666716990e+03 9.052973498719342388e+03
1.254488275411611085e+03 1.963073775302234026e+03 9.106974577667222547e+03
1.157044891263124100e+03 2.026161901346529930e+03 8.990973174029486472e+03
1.296103280562753980e+03 1.990153155367677982e+03 8.960957857206652989e+03
1.252357833244424000e+03 1.971953779652008961e+03 9.047972246177590932e+03
1.180292626736664033e+03 2.126951888497765140e+03 8.807035635099779029e+03
1.188059111357139045e+03 2.109156231704417223e+03 8.806040119134258930e+03
1.218375376063004978e+03 2.154021394005454113e+03 8.649019375132900677e+03
1.189474178828060985e+03 2.118062541927135044e+03 8.830036899896645991e+03
1.258626661881118935e+03 2.129053469856663014e+03 8.726019985602608358e+03
1.219097095863239929e+03 2.115059035382267211e+03 8.706032310010776200e+03
1.240285531527619924e+03 2.118050746453505781e+03 8.775027244900124060e+03
1.293227514139389086e+03 2.115095770171913955e+03 8.787017739228665960e+03
1.333443301479826005e+03 2.098120233395541163e+03 8.689015089988039108e+03
1.337677817774811047e+03 2.076929610352728105e+03 8.672021155051454116e+03
1.366590338267734069e+03 2.109948482439599957e+03 8.567004170797512415e+03
1.335558963491801933e+03 2.092184269515189953e+03 8.676016601620571237e+03
1.392096561362382090e+03 2.015161880602392102e+03 8.945029416244409731e+03
1.463352953829494936e+03 1.995201477164175003e+03 8.767019780169586738e+03
1.441491118893314933e+03 1.993106780000608978e+03 8.854025409325960936e+03
1.520517067780232082e+03 1.984177263061262920e+03 8.714009883546876154e+03
1.477460520183866038e+03 2.004090418824599055e+03 8.731013739990901740e+03
1.492292494624389974e+03 1.988847707434742915e+03 8.759015079215781952e+03
