 x(m) y(m) z(m) time(s) chi2
        760.4177417339947        695.9998699305546        8774.016331211093        82132.55640802000       0.3000000119209290
        797.1434092384171        742.2064802149508        8931.006639051189        82132.55760546100        1.379999995231628
        800.6690959468459        682.0293743385201        8857.012930884513        82132.55889391800       0.3700000047683716
        829.6100246290316        676.0961170374870        8823.009873760828        82132.56283220300        1.460000038146973
        916.4442039071796        660.0016550400690        8812.999706163882        82132.56395369800       0.9200000166893005
        892.4650222951185        737.1422680710747        9034.994634517889        82132.56406043300       0.1000000014901161
        892.4687468377157        610.0159383528460        8976.008087625753        82132.56414607700       0.6000000238418579
        793.7033471595690        771.1097492486808        9674.003641851155        82132.56437103900       0.8299999833106995
        817.6280833574756        785.0193773051188        9048.998917304229        82132.56534916601      0.07999999821186066
        967.2805199873432        770.1883962482038        8930.979838686699        82132.56547460399       0.7400000095367432
        1051.308766275943        754.9544877309652        9026.968401587601        82132.56586250800        1.539999961853027
        920.6743598270131        793.9042107301516        8863.983804231413        82132.56629835699       0.9200000166893005
        981.4034204689576        785.8718838856141        8963.975769847242        82132.56644375100        1.399999976158142
        859.2805937372455        888.0001247564376        9113.979921132153        82132.56707389400        1.279999971389771
        885.3894892504209        827.8142717616115        8982.984469507255        82132.56726912300        2.430000066757202
        844.4413535556938        742.2084732670630        8913.000566703417        82132.56750655200        3.710000038146973
        815.5155405816749        785.8719777444521        9091.999082557171        82132.56798804000       0.9800000190734863
        903.0631365226758        712.1475685448562        9076.995992987082        82132.56833286300        3.069999933242798
        841.6422088836613        757.0622374021472        9110.999189303388        82132.57634139500       0.8199999928474426
        793.6315859935960        757.9027234364144        9087.005228374464        82132.57712132001       0.7200000286102295
        781.6504848101531        719.7814946194983        9231.011131730560        82132.57756445601       0.9100000262260437
        771.0778933626508        730.8156611361136        9384.011160138512        82132.57786096699       0.1500000059604645
        805.6639992070446        849.0481997856305        9390.992222075993        82132.57892504700       0.1099999994039536
        922.1033099695630        974.8713968035166        9103.958456002569        82132.57975890300       0.7200000286102295
        860.6938328657435        945.2124150874006        9161.971492352863        82132.58055411300       0.1599999964237213
        877.6374229613465        971.0649580243961        9178.965297550765        82132.58133045000        1.269999980926514
        903.0524498147464        966.8289782036422        9172.962403345384        82132.58250203999        1.129999995231628
        868.4439946624400        988.8454153029096        9075.963812958713        82132.58269089600       0.7400000095367432
        934.1075394364105        1041.833880170795        9167.046691813304        82132.58331240399       0.2000000029802322
        844.4368508470884        990.1097968780974        9045.966831436988        82132.58351016600        2.779999971389771
        832.4518536831694        1015.979650567304        9189.964328971942        82132.58383716500       0.6700000166893005
        846.5514116053995        1037.993354353731        9052.958922610187        82132.58420474301     0.009999999776482582
        829.6461982346790        1074.062998282850        9369.955160776417        82132.58482484600        1.200000047683716
        868.4578305958568        1055.820488075226        9222.953056117021        82132.58534158600       0.4600000083446503
        886.0951721352645        1054.959871082913        9133.950776868103        82132.58551525899        1.279999971389771
        859.2730910813940        1073.186589467733        9182.951391538221        82132.58656187799        1.389999985694885
        863.5079176721181        1049.029514930556        9158.954847990881        82132.58678430000       0.9200000166893005
        972.2127119972268        927.8222706632673        8973.958063005983        82132.58696025400       0.4300000071525574
        940.4757837452895        1066.854716386462        9282.041616218532        82132.58914300000        3.720000028610229
        849.3925243297410        1177.868304950530        9277.034787851382        82132.58924798500       0.2000000029802322
        884.7130509983463        1057.114492838549        9350.950615819922        82132.58937336699        1.690000057220459
        867.0489418338111        993.9501379041048        9203.963209856945        82132.58999173999       0.4900000095367432
        903.0601385552599        1044.815618286467        9279.950080119428        82132.59010382699        1.759999990463257
        889.6720702023847        1046.116178078221        9465.951747626188        82132.59114240500        3.259999990463257
        934.1707133774572        1024.951890152316        9588.049433621123        82132.59131205000       0.5000000000000000
        922.1290837899368        996.0886202105304        9296.955171362524        82132.59145299099       0.4399999976158142
        900.2563423509100        1055.010281124500        9430.049383268055        82132.59210148601       0.6399999856948853
        875.5497482275777        996.1029860687604        9416.961719502484        82132.59227280899        3.359999895095825
        923.5769977765228        874.9183024572003        9463.972775806542        82132.59335948300       0.8899999856948853
        922.1863975712510        902.0627464099106        9630.969190728001        82132.59351094200        3.670000076293945
        929.2431469117536        882.9882707972955        9592.970843066649        82132.59435730900       0.3000000119209290
        965.2261334136955        843.1317839157913        9400.970913226536        82132.59478638700       0.6299999952316284
        990.0673438859474        889.0224797255620        10274.96088960180        82132.59638726299        1.169999957084656
        849.4382983103526        863.8861755272536        9409.984560403827        82132.59665836200       0.3199999928474426
        839.5539034951337        840.1524548450195        9392.989042667930        82132.59712357400       0.7900000214576721
        600.2131425018086        849.8810310434274        9395.014696936098        82132.59835322799        2.380000114440918
        822.5205178892527        715.9022605443470        8618.006433466438        82132.59863808000        4.760000228881836
        909.4807782852272        811.7923906724468        9591.983162970513        82132.59965175400       0.8500000238418579
        757.7100899616048        807.9953111762774        9830.003435018096        82132.60138310101       0.6800000071525574
        745.6968464497533        654.1395907191014        9640.022515835639        82132.60173134400       0.5500000119209290
        810.6302064817783        665.1439662649491        9457.013470954371        82132.60198038199        2.509999990463257
        770.4611943267332        705.0465052110906        10108.01415088321        82132.60219018901        1.879999995231628
        769.6659462192325        791.8420493171952        9426.004031116356        82132.60271365900       0.9900000095367432
        761.2232954841992        882.1455743228036        9735.993171693031        82132.60452538299       0.1000000014901161
        752.0403845601231        933.8461482046210        9734.986883035215        82132.60514971100       0.6200000047683716
        629.1892322446671        540.9698330747431        9485.045664327108        82132.60667303600       0.6200000047683716
        653.1776322064591        507.9024283861310        9293.045981909199        82132.60702276800       0.7699999809265137
        724.4757996251387        602.8249871856980        9259.030018005074        82132.60757021500        1.950000047683716
        691.3252323532901        420.1977756592698        9436.048366955900        82132.60875724199        1.080000042915344
        451.2680474771227        607.0763601565388        9581.955125561426        82132.60909181699       0.3499999940395355
        490.0926132148451        568.0789508823374        9443.955866831157        82132.60938332700       0.7300000190734863
        440.6664627200939        591.8046372802584        9415.957302107319        82132.60954260601       0.4199999868869781
        512.6872739305395        465.1018599659795        9389.962452797645        82132.60964390299        1.879999995231628
        605.1837269593923        465.9582675108448        9436.954305119947        82132.61017531800       0.1599999964237213
        559.2776017127555        343.0520770967977        9207.966295024742        82132.61085768000       0.3899999856948853
        502.0872100338829        314.2321648541748        9168.972529616560        82132.61120388300       0.7599999904632568
        525.3902354031062        378.2242230289078        9259.967176607281        82132.61182331599        3.980000019073486
        636.2409702016303        282.8855363028982        9222.962058630534        82132.61337269100       0.1899999976158142
        651.0615564229685        329.9210002926471        9192.958302154646        82132.61371905800        1.549999952316284
        712.4772186594934        334.1586201303789        9111.951531939207        82132.61459756600       0.2899999916553497
        660.2278930620105        276.9467432436744        9039.959886852776        82132.61538118801        1.100000023841858
        674.3233166357676        346.8537695357869        8849.954988552823        82132.61557628700       0.7099999785423279
        725.1769689796362        353.2243589912557        9048.048683475172        82132.61575432100       0.3899999856948853
        648.2315324360663        163.8080647820297        9022.965031849631        82132.61593896500        4.329999923706055
        771.0650294306674        334.1578513577876        9010.044343595260        82132.61637219200       0.8999999761581421
        623.5252989275889        193.8936583275693        9091.966643828013        82132.61680481301       0.1000000014901161
        647.5250862693956        207.0297464453617        9047.963844362017        82132.61700325301        2.460000038146973
        755.5181401421002        460.8502409317106        8972.038286295036        82132.61782950201        3.049999952316284
        616.4626606654505        112.1101685425985        9012.969294365666        82132.61817476399       0.1099999994039536
        482.3202729324696        131.1716367077517        9071.980456452302        82132.61877454800        1.750000000000000
        446.3167931297039        45.99863707025477        9076.984256510019        82132.61886549499       0.5199999809265137
        589.6228924304648        45.15739627494866        8852.972652334563        82132.61918830901        2.329999923706055
        785.1695611536128        459.1572906374793        8966.034836101295        82132.61945029099       0.9800000190734863
        602.3455006018600        82.87185372586201        9029.971087847667        82132.61963511200        1.179999947547913
        571.3237433595721        65.07795500511222        9507.974143818490        82132.61972513600       0.7200000286102295
        599.5135093494990        29.05679938671961        8909.971826700266        82132.61998025799       0.8199999928474426
        598.1751862548209        77.79533494435623        9730.971546558756        82132.62008211701       0.3700000047683716
        483.0613687384827       -21.79885859569547        9432.981715934553        82132.62066470200        1.220000028610229
        581.1779083853098       -173.9120730047761        9004.971210230264        82132.62144174000        2.509999990463257
        519.0403503393973       -169.2530426611632        8945.976681791804        82132.62279403800       0.2399999946355820
        464.6905006928180       -237.9062565706393        9113.978667370400        82132.62384324000       0.3400000035762787
        526.1182702922547       -272.2249412915800        9088.972532439791        82132.62461319400       0.2599999904632568
        538.1148854954030       -225.1876557229363        9042.973371955777        82132.62498531600       0.1800000071525574
        295.2382228480126       -223.0855676735767        9211.989274120542        82132.62544399200       0.4300000071525574
        166.7388593079069       -293.8642434822779        9424.991042116917        82132.62675866800       0.2899999916553497
        737.2236877018938        857.1455011692010        9772.999399898810        82132.63698620901        2.099999904632568
        787.3425232287632        891.8902170881759        9703.988650517922        82132.63765456001        2.710000038146973
        797.2249152816944        985.9772366436218        9748.973547866304        82132.63834458600       0.2399999946355820
        834.6556122201926        927.9278289966708        9787.977499836034        82132.63848692400       0.3499999940395355
        790.1538169648101        977.0630740912968        9656.975798330704        82132.63867474900        3.329999923706055
        726.6400695960240        860.1200964864830        9839.000211078450        82132.63875756200        2.819999933242798
        889.0050050206710        991.0645643558305        9708.960655836914        82132.63902397100        1.090000033378601
        846.6806344861491        1044.086417236044        10032.95793062128        82132.63960233600       0.5500000119209290
        859.3823466596405        924.9792281310707        9895.974655860149        82132.64026455200       0.2899999916553497
        873.5337950249412        894.9193289678522        10095.97703946703        82132.64101254100       0.5899999737739563
        881.2467074813400        854.1782746866613        9675.981570878235        82132.64163078299        1.100000023841858
        898.2387557208936        890.2510951346748        10033.97427047112        82132.64209017099       0.7400000095367432
        919.4086139696482        907.1942391499928        9956.968868092790        82132.64254850300       0.5899999737739563
        898.2537253461099        922.0548038549961        10161.96974352262        82132.64309830499        1.970000028610229
        946.2768502515021        724.1312242984891        10085.98840890859        82132.64419577700        1.090000033378601
        980.1178522495901        707.9911221033249        9735.985121146885        82132.64490066499        2.140000104904175
        969.5912719987861        691.9313095483415        10149.98849921153        82132.64695158000       0.3300000131130219
        976.4926084269540        543.9244776017566        9004.001799235541        82132.64722541200        1.450000047683716
        1012.636494620628        725.8232634858057        9997.978050742262        82132.64738223700        1.429999947547913
        1071.269719476033        663.9676667057410        10119.97525225107        82132.64762988700       0.7500000000000000
        931.4535584384180        660.9817929655361        10076.99745565493        82132.64922412801       0.1700000017881393
        831.2230127428084        511.8077872019769        10259.02501361481        82132.65056217401       0.4099999964237213
        849.5914441126035        465.1921051736262        10294.02617743536        82132.65181168700        1.340000033378601
        795.2278791156352        555.8968625224348        10433.02589539376        82132.65250265400        1.590000033378601
        858.0702780196406        546.9979842881772        10387.01854268974        82132.65286566100        2.740000009536743
        784.6330334610735        458.8330422643759        10347.03493933397        82132.65362029499        1.500000000000000
        838.3253534306766        465.2090776121036        10540.02766574442        82132.65386078300       0.1400000005960464
        868.0081869598419        479.2120962744664        10723.02266941941        82132.65497901601        1.649999976158142
        920.2376661718969        435.9688576173467        10494.01847291141        82132.65518905999        1.200000047683716
        847.5022150307901        371.1131953885662        10451.03263622861        82132.65589298600        3.279999971389771
        886.3235929958527        491.0567712419450        10402.01925073773        82132.65674090800       0.6499999761581421
        905.3872171139039        435.1096499052923        10346.02064949624        82132.65685156301       0.8399999737739563
        814.1109089170992        741.8062189916468        9120.004550587941        82132.67353898899       0.4699999988079071
        730.1058612129360        476.1057932114422        9015.040116060856        82132.68163023599       0.4199999868869781
        518.3505871458663       -226.8860157224095        9107.974944733440        82132.68310792500       0.5299999713897705
        694.1456465560243       -229.8357251861203        8962.958169707763        82132.68360065800        2.980000019073486
        298.0572055226277       -273.0812505429397        9063.987194264429        82132.68375982500        4.119999885559082
        927.0572859728721        412.9732461801844        8809.019000060101        82132.68421433600        1.659999966621399
        846.6283014919006        401.9740041365327        9205.030864652097        82132.68474378700       0.1700000017881393
        682.1438214415157       -181.9562794367047        9004.961010664802        82132.68531441700        1.159999966621399
        800.0902852161485       -193.8200639378524        9283.046600753740        82132.68576638900       0.1000000014901161
        793.7072273716162       -259.0672625065470        9011.045072564719        82132.68586565100        1.330000042915344
        858.6566302718360       -234.9072145912600        8968.037617270904        82132.68657899099       0.4499999880790710
        882.6989304144954       -287.8816878601997        9197.032169950233        82132.68691981000       0.5099999904632568
        977.2220614676248       -140.8215292214229        8696.023369141170        82132.68769788700       0.6399999856948853
        984.3502026948389       -259.0513135926026        9058.018565876571        82132.68822543300       0.8500000238418579
        1098.069380771774       -254.8116031452242        9311.000222373681        82132.68863804601       0.4099999964237213
        1135.423786298573       -284.0281068669670        8905.992454811185        82132.68981298000        1.490000009536743
        1210.322046024515       -262.8455855928864        9221.979631395874        82132.69021218200        2.319999933242798
        1262.504573571564       -253.9266743662755        8885.969896140383        82132.69075797200        1.039999961853027
        1205.326797846542       -242.9199312266940        8955.981361775768        82132.69175252800       0.3000000119209290
        1273.109969507323       -256.8942411155268        8957.967675587757        82132.69201258400       0.6999999880790710
        1236.410751275705       -228.9364849716205        9056.975946727218        82132.69225740300       0.6700000166893005
        1257.609303729278       -225.9706346692657        9143.971920061465        82132.69233301500       0.4799999892711639
        1260.419901127148       -206.0525593553506        9087.972041540472        82132.69316059200       0.3600000143051147
        1250.541564299073       -145.8846845176672        9161.975646212804        82132.69340388800       0.4000000059604645
        1269.616650022495       -153.0870435526395        9213.971718905457        82132.69385270499        1.139999985694885
