 x(m) y(m) z(m) time(s) chi2
        947.3814012410262        626.0215518242593        7943.999104621066        82132.62848157001        1.139999985694885
        925.5125464006131        642.9763158426240        8047.000619100889        82132.62881193501        1.039999961853027
        923.3918801266497        653.1427473695279        8032.999890179009        82132.63350752900       0.1899999976158142
        913.5214911326692        703.9951096237425        8150.995887472663        82132.63407164600       0.4000000059604645
        863.4124647184651        737.0477422449036        8241.998622117781        82132.63715787799       0.5099999904632568
        347.3983827965210        447.1998587162300        8014.974846896385        82132.65142931799       0.5600000023841858
        1287.501309696516        1050.951418204398        7675.983748380891        82132.65645260300        1.049999952316284
        898.6996967336347        763.7385981555661        8204.990611021913        82132.65992716500        1.620000004768372
        808.3475803931545        173.9572471612546        7825.046612164877        82132.68345547300       0.2199999988079071
        1317.129374586542        1108.988104760643        7636.967860664160        82132.68643333801       0.9100000262260437
        1475.182469595358        1367.850732490975        7606.982566734320        82132.69709271600        1.289999961853027
        1623.345939616939        1606.798650442300        7567.990899801559        82132.71088927600       0.3700000047683716
