9.473814012410261967e+02 6.260215518242592907e+02 7.943999104621066181e+03
9.255125464006131324e+02 6.429763158426239897e+02 8.047000619100888798e+03
9.233918801266496530e+02 6.531427473695279105e+02 8.032999890179008617e+03
9.135214911326692118e+02 7.039951096237424508e+02 8.150995887472662616e+03
8.634124647184651167e+02 7.370477422449035885e+02 8.241998622117780542e+03
3.473983827965209912e+02 4.471998587162299827e+02 8.014974846896385316e+03
1.287501309696516046e+03 1.050951418204397896e+03 7.675983748380890574e+03
8.986996967336347097e+02 7.637385981555661374e+02 8.204990611021912628e+03
8.083475803931545443e+02 1.739572471612545996e+02 7.825046612164876933e+03
1.317129374586542099e+03 1.108988104760642955e+03 7.636967860664160071e+03
1.475182469595358043e+03 1.367850732490974906e+03 7.606982566734320244e+03
1.623345939616938949e+03 1.606798650442299959e+03 7.567990899801558953e+03
