1.372281220029034102e+03 1.778250745612197079e+02 7.470950313697036108e+03
1.397717500401719917e+03 1.341966152492609865e+02 7.558045971971071594e+03
1.905338945408095924e+03 -6.951718974894752137e+02 7.340977861729871620e+03
9.995875194327572899e+02 4.730633543244824182e+02 7.658004360068674032e+03
1.034143995412973936e+03 4.950830781473632101e+02 7.484997185130424441e+03
8.633455655933656772e+02 2.612185948659308110e+02 7.426036433243101783e+03
9.741092485621630885e+02 7.801735818431253620e+02 7.421978045166162701e+03
1.198623201088852966e+03 5.760307782160324450e+02 7.645961649830165697e+03
7.341690607210039161e+02 3.658444668073577759e+02 7.436047419351837561e+03
9.712906703250266673e+02 -7.681953011033034784e+01 6.875025834496356765e+03
3.064203260947999183e+02 1.950880136745105915e+02 7.091989664357439324e+03
1.064399107608114946e+03 1.242783955804987954e+03 7.413990205493066242e+03
1.061576312680228966e+03 1.266934020525128972e+03 7.431985912668771562e+03
