 x(m) y(m) z(m) time(s) chi2
        4025.409470288952        2756.159406115455        8916.036419490250        78791.22144816400       0.5500000119209290
        3967.621773349389        2766.794279742875        9067.967383851468        78791.22224430200        1.379999995231628
        3899.129809058719        2862.965020714556        9090.966990579012        78791.22248495099       0.6200000047683716
        3987.340647950957        2734.982168829589        8974.968840618523        78791.22287652599       0.6600000262260437
        4016.302228680827        2791.807094563384        9049.026648203238        78791.22337057200        1.529999971389771
        4042.380926455407        2810.866076943759        9003.001811132082        78791.22374558900        2.579999923706055
        4062.115100405857        2768.892579282382        8929.007681589157        78791.22415329400      0.03999999910593033
        4012.063184008570        2779.086616332959        9034.034872390490        78791.22432384201       0.2899999916553497
        4028.207634822029        2876.094448982638        8956.981599664226        78791.22462363800        3.559999942779541
        3983.999973735214        2822.006042734074        9336.033622495079        78791.22490012200        1.830000042915344
        3995.198163953403        2732.930322779420        9122.964859591289        78791.22544165701       0.2899999916553497
        3977.509298027195        2790.115029851519        9092.951067034897        78791.22587020400       0.6100000143051147
        3794.141799248701        2652.815325682060        9255.021649322964        78791.22687521701       0.5099999904632568
        3792.764120337861        2695.226329878575        9341.004671060295        78791.22718198400       0.5699999928474426
        3964.207089605135        2802.902670589659        9276.953762596109        78791.22727559099       0.9800000190734863
        3842.180438622182        2618.952220785873        9298.006999168672        78791.22790582701        1.740000009536743
        3877.497924548571        2719.865888371635        9405.042994267269        78791.22866334001       0.1000000014901161
        3735.627633694908        2776.194493911589        9463.003537234013        78791.22895039299       0.1800000071525574
        3608.664937145698        2762.230875295411        9623.981980196082        78791.22932568200        1.340000033378601
        3788.637864058577        2463.864017847111        9369.000306689029        78791.22957551701        0.000000000000000
        3812.610954015547        2494.798239653452        9343.974000880002        78791.22967089500       0.3899999856948853
        3953.140819665591        2527.106994592566        9458.976534567044        78791.22978624899        1.379999995231628
        3724.358539425257        2897.867649061857        9587.955911072526        78791.23040076200       0.3400000035762787
        3623.475840762481        2685.077636298369        9549.006600604140        78791.23054214400        1.700000047683716
        3795.698690522748        2387.995979245108        9321.025024502942        78791.23066664800       0.6899999976158142
        3705.989658354712        2913.108538022665        9570.959621637967        78791.23131699199       0.9800000190734863
        3739.190572592230        2936.031621855780        9628.029385746047        78791.23160779101        1.029999971389771
        3736.368059691523        2474.841590517707        9319.026792233291        78791.23167791100        2.460000038146973
        3765.233396150413        3044.926689933865        9573.962926195158        78791.23432584800        2.079999923706055
        3771.633313157816        2908.892617766703        9562.022774743529        78791.23454126500       0.3600000143051147
        3823.142579874037        3091.178541035447        9651.006879497701        78791.23557150700       0.3000000119209290
        3773.114886745631        3125.146646257518        9826.020058768079        78791.23569610000       0.8600000143051147
        3784.321854972417        3042.838834000755        9622.952670432438        78791.23603888000       0.9900000095367432
        3762.492150769308        3101.797940684854        9752.037716981793        78791.23615372799        1.529999971389771
        3763.481928217082        3180.041905360429        10286.99868390480        78791.23631678399        2.930000066757202
        3590.267371720382        3281.065921928470        9895.046890566642        78791.23806446500       0.3199999928474426
        3611.531362326178        3273.098480865394        10044.03906210270        78791.23848667800        1.590000033378601
        3650.264162013125        3253.105096745422        9869.027268103044        78791.23909528700       0.6000000238418579
        3504.201109669589        3312.031542571454        10011.97804311596        78791.23937153700        1.960000038146973
        3557.138571861185        3315.861873905279        10005.04740546743        78791.24011011900       0.2899999916553497
        3514.097678996852        3186.983991663942        9953.036432384168        78791.24019791900       0.1000000014901161
        3578.344489873913        3318.016474210213        10058.03446722430        78791.24100238401        1.500000000000000
        3315.723042008297        3373.859071594537        10050.04608671340        78791.24417571801        1.000000000000000
        3472.420827860263        3237.815296133742        9935.033541020466        78791.24438059000        1.879999995231628
        3361.623765598798        3365.837204575674        10077.02637686694        78791.24485622800       0.6000000238418579
        3312.223936162259        3386.183821046935        10117.04137409916        78791.24510229799       0.9800000190734863
        3269.191031081694        3386.197556535190        10170.96391594625        78791.24721287499        3.480000019073486
        3795.020580687604        3070.911247273558        9828.033493618424        78791.25266431599       0.4600000083446503
        3752.604955336772        2707.133800524294        9478.023348238285        78791.25281390701       0.4799999892711639
        4007.179372176177        2776.157190936156        9123.039239488848        78791.25796135100       0.3700000047683716
        3745.453569138139        2468.003075276518        9159.024092657795        78791.25877626101        1.059999942779541
        3810.465112090484        2429.927779019188        9253.000354083675        78791.25920612201        1.450000047683716
        3744.172023982381        2362.122281974981        9309.965447228526        78791.25954917799       0.6100000143051147
        3853.509452212978        2460.029964713976        9248.962992685716        78791.25973872500        2.119999885559082
        3851.376498494483        2370.161877184315        9162.998357207207        78791.26078920500       0.1400000005960464
        3882.488286817219        2299.847293282246        9203.005348317880        78791.26139296099       0.5400000214576721
        3787.164839575373        2709.246372410776        9431.002061402438        78791.26352141600       0.2399999946355820
        3278.275540960719        3445.882613796453        10031.02680620846        78791.26494100400       0.3400000035762787
        3273.306260266005        3475.104251613223        9996.013455882890        78791.26603208001        2.180000066757202
        3146.365493512622        3504.023915155667        10257.96178086197        78791.26666498800      0.02999999932944775
        3062.305945543488        3503.932572648784        10142.00260490372        78791.26720719400        1.909999966621399
        3213.640640741550        3528.093810522045        9294.014372373780        78791.26740601900       0.5799999833106995
        3147.668076442297        3408.935815593990        9972.012696126871        78791.26768943500        2.160000085830688
        3796.345059827858        2714.763227961963        9440.994269560499        78791.27114474001       0.3499999940395355
        3964.462399424429        2836.148835420915        9711.039588813152        78791.27395429500       0.4300000071525574
        3776.606367220900        2707.144175841569        9480.009213670788        78791.27442389799     0.009999999776482582
        3829.511428866303        2418.059402076879        9223.993488135657        78791.27627927100       0.6899999976158142
        3920.520625318997        2337.958398041691        9088.968227049274        78791.27715204201       0.2599999904632568
        3916.280140417303        2252.761502164974        9023.001535695086        78791.27722036600        4.579999923706055
        3758.537065277591        2360.164453951338        9728.957846938236        78791.27742655200       0.8199999928474426
        3756.754608517407        2297.201118039674        9055.981769593489        78791.27777604001        1.740000009536743
        3731.347926773080        2348.902998731306        9098.977785732272        78791.27824399099       0.7300000190734863
        3780.053370539074        2362.061628166067        9108.043918434631        78791.27835037099        1.190000057220459
        3667.126102988328        2284.885533946025        9078.038241415810        78791.27885070701       0.5400000214576721
        3574.631804385037        2222.106734568209        8992.013221469577        78791.27931591400       0.5400000214576721
        3538.698998263943        2314.957488395420        9175.000153867491        78791.27979399000       0.2700000107288361
        3583.074484550258        2199.205849219623        8927.016436297388        78791.28017487800       0.2899999916553497
        3551.364387630138        2199.227422571383        9024.034141389975        78791.28036903300      0.03999999910593033
        3534.663489189408        2209.120082398089        9465.040063676481        78791.28047648800       0.5400000214576721
        3526.670700456165        2189.053670113306        9038.950734070955        78791.28079269000        1.429999947547913
        3599.356207027730        2233.147539499585        9032.995495399678        78791.28118716901       0.2700000107288361
        3545.663846099169        2133.075231551888        8882.959204749410        78791.28132513400       0.5299999713897705
        3488.500922140860        2199.178505366961        8949.968164425554        78791.28142034000        1.460000038146973
        3545.723186444586        2067.841838740485        8945.980714460091        78791.28217531199     0.009999999776482582
        3559.127231356897        2117.853723731617        8965.956825343328        78791.28232881300        1.159999966621399
        3508.277399090546        2078.826957761695        8890.997780832586        78791.28300482800        1.379999995231628
        3599.422749301557        2036.953077324443        9018.960685824088        78791.28351471000       0.5600000023841858
        3504.285433288443        1944.188081603046        9244.042593812863        78791.28364055599       0.8600000143051147
        3570.487152962625        2008.125293852284        9009.986069009135        78791.28430525900       0.3000000119209290
        3571.239722140166        1953.901939225228        9057.002536107670        78791.28462786200        1.529999971389771
        3581.128464838224        1953.909041887958        9067.997005261388        78791.28472494301       0.2800000011920929
        3552.237523113137        1895.013979104604        9120.030940241499        78791.28489428799       0.9900000095367432
        3591.039468590251        1864.077270020642        9058.018389279086        78791.28515412100       0.5400000214576721
        3537.395074819721        1941.195712913686        9118.025250482142        78791.28537116700       0.5400000214576721
        3497.257407680352        1964.971162390754        9315.040073185233        78791.28577890800        1.480000019073486
        3346.160631015072        1878.013518219782        9202.047552574690        78791.28675676500       0.8199999928474426
        3383.534344164174        1859.779932936235        9114.033222735023        78791.28697796501       0.4499999880790710
        3459.067004571263        1875.912597652348        9124.988073800852        78791.28711725101        1.120000004768372
        3180.281515476857        1894.917041600077        9238.026619681081        78791.28790420800       0.2800000011920929
        3155.567508219247        1949.155821673728        9261.022488613475        78791.28814938500       0.1400000005960464
        3351.141555298511        1780.979866370781        9211.972252095655        78791.28844931100       0.8000000119209290
        3200.166044735186        1899.232801879688        9478.015452942904        78791.28862775500       0.2000000029802322
        3224.066900305775        1817.804771059316        9222.027180332423        78791.28890182399       0.4799999892711639
        3121.656629976239        1944.041877710567        9203.040688639561        78791.28904045200       0.1000000014901161
        3243.133234763298        1803.828408843630        9225.021515065118        78791.28949154299       0.9300000071525574
        3024.331795498800        1794.877385954152        9296.031681966509        78791.28969948100       0.1400000005960464
        3104.083524408709        1880.082963775290        9313.968867165244        78791.28988867901        1.320000052452087
        3031.303593018734        1824.071354524210        9131.020055441582        78791.29036348801       0.4699999988079071
        2982.048595438887        1891.969566683914        9518.023454329948        78791.29078972300       0.7200000286102295
        2901.484307803021        1980.048337439507        9389.033708138088        78791.29094172901       0.4000000059604645
        2954.503840735343        1863.978759260001        9472.044492567706        78791.29104687300       0.8199999928474426
        2924.123762324414        1963.134792278933        9486.028649019598        78791.29144854900        1.220000028610229
        2891.645946505545        1955.068668848762        9471.045899189035        78791.29157304700       0.4699999988079071
        2871.161456141790        1968.193582306875        9452.951472802586        78791.29191848500        0.000000000000000
        2702.449190325532        2124.978201984407        9576.974606865258        78791.29241583700        1.279999971389771
        2735.572918344827        2027.033829823430        9380.992439940153        78791.29265139000        1.940000057220459
        2835.295200333098        1980.994339851683        9769.963552173358        78791.29275799800       0.9300000071525574
        2854.256103036640        1980.930029673533        9544.955103699125        78791.29281967600       0.2099999934434891
        2781.596700425187        1957.210193412120        9651.994477115855        78791.29299085699       0.8000000119209290
        2847.211608049558        2002.131525589494        9592.951617632840        78791.29346565199        1.909999966621399
        2770.254110943988        2005.917348374096        9575.984226637131        78791.29361271500       0.1599999964237213
        2774.543875271339        1993.241738709105        9691.986365448462        78791.29391022401        1.600000023841858
        2789.386975775262        2078.034117347952        9789.952804630360        78791.29418869301        1.610000014305115
        2855.347471322657        2018.079808976012        10433.04268858952        78791.29429897200        1.289999961853027
        2746.355796523036        1975.891440549953        9798.003958511470        78791.29519441600       0.3600000143051147
        2816.169967942816        2234.845294198064        9795.987550199527        78791.29547252700        2.269999980926514
        2874.064993349457        2248.008182172882        9818.957159912212        78791.29554712200        1.360000014305115
        2827.443403185579        2191.171374341842        9716.997747385547        78791.29576497299        1.240000009536743
        2786.494511729671        2364.950378771473        9825.953544970986        78791.29612864800        4.460000038146973
        2751.202361734095        2475.159175304228        9913.026548826336        78791.29640984700        1.409999966621399
        2839.412159416191        2465.829141802044        9828.991596588439        78791.29685273100       0.2899999916553497
        2713.106313392522        2316.207884299899        9866.003032653431        78791.29701896300       0.6999999880790710
        2850.703701388986        2275.926159587536        9692.957675302321        78791.29733284500       0.4199999868869781
        2860.576600145653        2494.224704115094        9816.971098260605        78791.29762384100       0.1899999976158142
        2661.614780753822        2478.165141711741        10079.96371262715        78791.29798491301       0.8299999833106995
        2832.253199356037        2595.874611685580        9692.043625464201        78791.29831116099        1.080000042915344
        2720.108037965089        2478.087974962350        9839.038699070363        78791.29887039600        1.429999947547913
        2591.659913544877        2514.964785872726        9947.977991678026        78791.29927366100        1.429999947547913
        2657.345776374887        2328.070343015771        9899.022124790841        78791.29935768300       0.5400000214576721
        2587.482577899376        2369.194416981977        9994.035615589628        78791.29959597001       0.5299999713897705
        2723.695912756227        2308.157058553578        9861.001454675397        78791.29982896399       0.3700000047683716
        2593.085072419226        2286.918630149872        9826.963803720226        78791.30007656300      0.05999999865889549
        2569.077126622500        2334.807264819484        9845.956111099225        78791.30027635800       0.3000000119209290
        2448.319445629400        2432.233435859285        9809.966998188353        78791.30085294500       0.5099999904632568
        2559.992733723052        2240.782764709665        10014.99357274072        78791.30125090900       0.2199999988079071
        2400.493433874250        2237.823271666210        10153.95590824899        78791.30241434601      0.07000000029802322
        2328.467888908521        2203.031706711341        10092.99466732140        78791.30270628100       0.6100000143051147
        2534.595404340113        2225.107508416039        10050.00919309791        78791.30294824700       0.2399999946355820
        2441.529661048481        2201.881381391238        10360.95293423962        78791.30351401100        2.450000047683716
        2405.412083228787        2289.943609366694        10127.03610586499        78791.30435143400        1.730000019073486
        2274.128355013335        2211.942096574187        10161.01114051153        78791.30443886900     0.009999999776482582
        2420.282356955950        2261.163158877779        10225.04079693580        78791.30454894299       0.5099999904632568
        2319.217105040176        2308.086460072233        9962.960786433394        78791.30485737500       0.2199999988079071
        2456.283194008379        2178.080531919620        10154.95544553819        78791.30504952300        3.349999904632568
        2334.231457353342        2055.194532315779        10310.04204029745        78791.30524906699        1.620000004768372
        2186.651370186489        2062.770954260614        10256.99213851392        78791.30599879401       0.3600000143051147
        2320.008415172411        2356.922715982292        10231.04322586794        78791.30609477901       0.3499999940395355
        2317.210579762911        2332.784983978245        10286.95255319476        78791.30649305100       0.8000000119209290
        2324.215378934718        2384.872773279048        10170.03127984176        78791.30666291001       0.8000000119209290
        2370.067837471677        2490.826233875402        10141.97386902135        78791.30750122500       0.4600000083446503
        2286.092593770905        2520.096441082342        10262.99293660867        78791.30825264299      0.05000000074505806
        2283.445053333390        2281.181459425773        10595.98343989815        78791.30871834100       0.5500000119209290
        2114.052868120884        2095.940995829763        10648.00575728257        78791.30896651201        1.059999942779541
        2239.523903570359        2100.012962540040        10055.96164097533        78791.30927470200        1.889999985694885
        2254.229842637102        2516.168930085795        9996.005763621264        78791.30944086300       0.1800000071525574
        2151.228222479027        2551.835661067534        10224.02707565768        78791.31032667799        1.929999947547913
        2055.369224856706        2078.041150156826        10386.03072687481        78791.31050034800       0.8399999737739563
        2060.343687708924        2167.100241875609        10545.99944828451        78791.31068578199       0.8199999928474426
        2142.260493357153        2028.084527003396        10498.01833422188        78791.31090469100        1.899999976158142
        2015.180073489693        2131.081121052869        10596.02600390271        78791.31127771499       0.1000000014901161
        2028.572046338654        1905.109701510560        10370.99279867316        78791.31224598001     0.009999999776482582
        1918.411196034177        2067.004637134057        10421.97628834572        78791.31294039200        1.980000019073486
        1925.575964182062        2265.104961975691        10902.00736662792        78791.31367419500        1.139999985694885
        1731.359576435471        1989.872418955770        10551.95464326085        78791.31399527100       0.9499999880790710
        1868.320094882436        2070.852033044841        10553.98988042478        78791.31507362700        1.799999952316284
        1875.446753879662        2053.968967491421        10767.99328455708        78791.31544941200       0.5199999809265137
        1772.383030163972        2142.159464317412        10913.99362587061        78791.31564912701        1.000000000000000
        1886.765532419248        2026.014172438561        10821.99891844864        78791.31617008400       0.8299999833106995
        1891.577544698201        2367.988101326363        10610.98004248772        78791.31643263499       0.2800000011920929
        1971.390480309097        2345.995536680868        10694.96409058722        78791.31761531200        1.179999947547913
        1916.395902574291        2302.834680923445        10923.99659038459        78791.31847630700       0.9200000166893005
        1723.542365254784        2213.220521714759        10514.98262791039        78791.32080429600       0.8299999833106995
        1983.320165060337        2138.186671335049        10319.03355194714        78791.32124972501       0.7099999785423279
        1582.254581606385        2194.007879135278        10180.02576475841        78791.32166769300       0.1500000059604645
        1606.306999135834        2317.017718702049        10454.97620914351        78791.32420550700        1.149999976158142
        1786.380639062124        2211.113316414108        10515.96611665196        78791.32444248100        1.649999976158142
        1465.107539714633        2086.811937989007        10324.99012309940        78791.32506784100       0.9200000166893005
        1541.358326236106        2192.803760882177        10395.03618647347        78791.32530635499        1.740000009536743
        1627.494224736450        2180.100935472921        10388.01920855883        78791.32557744600        1.179999947547913
        1145.250917534531        2193.122897450590        10254.01965822598        78791.32625279900       0.7400000095367432
        1190.474818818803        2197.863994031948        10467.00978066791        78791.32671633799       0.4199999868869781
        1131.127291304356        2285.105083359716        10296.98982056204        78791.32731981800       0.6800000071525574
        1020.305268922915        2199.083883914041        10375.03876557113        78791.32752375001       0.1800000071525574
        1101.495083810551        2210.108613053362        10364.02147805007        78791.32782378299        2.250000000000000
        1187.653488592594        2142.758093778768        10445.02909091473        78791.32827265700        0.000000000000000
        1081.049208748987        2123.259457341802        10475.95492593849        78791.32849705200        1.190000057220459
        1124.109014384337        2291.124829850560        10538.98891369585        78791.32861001200        1.960000038146973
        1049.265437261719        2188.940324787854        10448.03758099176        78791.32941179399       0.1400000005960464
        992.0883184800618        2186.840440520108        10522.04743336183        78791.32956148100       0.9200000166893005
        633.4281241600072        2236.868657536388        10653.97603093902        78791.33038281000       0.1199999973177910
        897.4419805764140        2447.033406882002        10436.96670796030        78791.33052023999       0.1199999973177910
        884.7568467736891        2397.918407348268        10570.98717672821        78791.33068753401        1.360000014305115
        693.4565629965604        2163.150446356899        10731.99528477012        78791.33130203999        1.080000042915344
        892.4873190379400        2464.803600380483        10358.96053900610        78791.33223873901       0.7200000286102295
        529.6512259043258        2216.991759974575        10797.99242981859        78791.33277780200       0.8999999761581421
        897.4185144729005        2560.159473788556        10346.02182124839        78791.33319034900      0.05999999865889549
        937.6830644028291        2391.920986281795        10387.98187715910        78791.33350569999       0.3899999856948853
        722.3725091164689        2570.889550278579        10716.03969746018        78791.33436269801       0.3899999856948853
        493.6390832032757        2213.162965378762        10762.99664075580        78791.33469019200       0.8799999952316284
        519.0472794061536        2614.187245013191        10907.04181499167        78791.33490648599       0.6999999880790710
        427.2540700374131        2553.092845999407        10772.97377938617        78791.33592264900      0.02999999932944775
        513.3889724720840        2430.136777532981        10660.01555976267        78791.33701902301        1.669999957084656
        342.5294257587321        2369.095376287526        10659.95039258410        78791.33751302100       0.2599999904632568
        296.6439079881971        2367.033352910713        10817.95346364661        78791.33793912600      0.05000000074505806
        134.2515999138703        2543.015971684988        11033.99069571852        78791.33824446800      0.03999999910593033
        375.0183105093626        2314.898286043210        10807.96851861216        78791.33854721700       0.8100000023841858
        503.5042040938327        2508.143405889251        10709.98609385416        78791.33895927201        2.089999914169312
        401.0648951548147        2217.805434470664        9502.001421397408        78791.33909389599        1.590000033378601
        3375.022426265085        3314.953923109535        10017.04600500922        78791.33964673500        1.639999985694885
        80.58976845035214        2099.965906216597        10713.95294116659        78791.33995673600       0.7099999785423279
       -46.50010148751000        2129.933464685892        10339.04388895087        78791.34007661500       0.1000000014901161
        37.51974078251414        2013.073906858895        10704.98140828739        78791.34024601099       0.4499999880790710
       -137.5817209177809        2174.087448999134        10560.02766419021        78791.34218543999        1.570000052452087
       -164.4158523620532        2205.093173287345        10748.01637740114        78791.34245560299       0.4900000095367432
       -125.5765973107978        2126.991475907085        10411.04381280885        78791.34268458300       0.2700000107288361
       -75.45013734297858        2261.014400327034        10674.99842553938        78791.34298310500       0.3400000035762787
       -212.4269154656690        2118.170491809261        10645.04447200272        78791.34400197900        1.570000052452087
       -128.4046135511109        2141.893798460851        10614.03877144471        78791.34418286200        1.059999942779541
       -60.62312017577895        2158.000800008520        10619.03433370234        78791.34429632200        1.740000009536743
       -235.7179593275067        2052.806213708818        10356.96446801715        78791.34537908700       0.2899999916553497
       -267.4850868937303        2151.120852485244        10317.03133833939        78791.34571224300       0.1299999952316284
       -341.6144505022736        2185.864949744161        10283.01597039618        78791.34605075100        1.220000028610229
       -338.8062604310344        2227.937783039617        10611.00155414954        78791.34763634601        1.919999957084656
       -325.3884849344964        2219.863054229905        10550.00506794710        78791.34838743000        1.720000028610229
       -346.5666759130476        2366.102963354690        10590.95128312791        78791.34886221400       0.5799999833106995
       -367.7951557522206        2335.881875374655        11393.96131375827        78791.34905081800        1.759999990463257
       -386.8277009868824        2327.203704739910        10843.96333127327        78791.34949875200        1.009999990463257
       -563.3353126727934        2291.985245143617        10712.96298785475        78791.34983573300        1.330000042915344
       -586.6191490469362        2252.921479444743        10511.97482544064        78791.35148113201      0.05000000074505806
       -554.8457671853608        2311.839884397618        10531.95653814391        78791.35166267899        4.340000152587891
       -519.5624856599496        2272.916714488724        10732.97353172079        78791.35179571500       0.1099999994039536
        3529.174754629947        3259.911961958054        9181.990979591523        78791.36559055099       0.6100000143051147
        2622.076873481170        2320.032488343929        9965.039628298440        78791.36702734399        2.539999961853027
        3571.237384287125        3320.936627134629        9974.036892808585        78791.37187275301        1.529999971389771
        2854.263308509373        1985.173659291907        9563.953781156295        78791.37840473901       0.5400000214576721
       -252.6556170977409        2084.964902670578        10196.95336088171        78791.41249416200       0.4600000083446503
       -159.4719634457023        1857.874590658545        10457.02670466940        78791.41424228500       0.8100000023841858
       -93.80385809788558        1872.196910091359        10161.02379608199        78791.41671457700        1.700000047683716
       -93.80575534747061        1781.096486652554        10228.95033144457        78791.41831634400      0.02999999932944775
       -82.51958830915666        1886.888541618641        11113.01965556267        78791.42060436300        2.019999980926514
       -128.3914511815634        1766.965785317439        9705.953648436940        78791.42574986600        1.809999942779541
       -127.6882753766841        1947.152869824597        9968.000713236799        78791.42649856300        1.559999942779541
       -130.5296187591158        1593.010332861418        10578.99954621723        78791.42814290999        2.460000038146973
       -206.8032186315579        1875.061704602019        11248.02034471308        78791.42835573200        1.799999952316284
       -194.7828242198572        1553.153495681608        10509.00775890909        78791.42874238300       0.9200000166893005
       -326.8173257981435        1320.846789698453        10271.95422295261        78791.43052173800       0.6499999761581421
       -358.5997811638853        1384.888258442031        10473.03950024643        78791.43138734400       0.2899999916553497
       -409.4355108199508        1406.073731925080        10436.03180258562        78791.43195467300      0.07999999821186066
       -384.7157943404706        1378.072470020994        10309.03945751969        78791.43247580300        4.230000019073486
       -395.3047304782762        1450.125185697204        10321.02280597713        78791.43268388401       0.9200000166893005
       -417.9094988689931        1339.950206238595        10405.04551559383        78791.43341021299       0.1199999973177910
       -385.4285981937977        1409.888519102547        10442.03245089946        78791.43370274099        1.179999947547913
       -499.8489933818767        1465.946684241563        10908.01188273794        78791.43434922800        2.829999923706055
        3788.602681911676        2997.094352582941        9668.971852842271        78791.43476816099       0.9300000071525574
        3579.729116361854        3315.871933930398        10008.03479516059        78791.43531361299       0.6999999880790710
       -318.3530185469743        1345.044313853848        10462.05017344094        78791.43603375601       0.2599999904632568
        4036.353463071909        3335.054691489641        9870.952032291239        78791.43698593500       0.8799999952316284
        3783.727663463005        3182.826281831634        9905.985231478129        78791.44697023000        1.679999947547913
        3707.599862893829        3344.842590080509        10204.04644865863        78791.45442353901       0.1700000017881393
        3706.196459011473        3361.808374072334        10230.03833273705        78791.45685355000       0.8600000143051147
        3675.422431026263        3321.986969240687        9473.977162201763        78791.45772160600       0.9700000286102295
        3713.987729595575        3433.062800650104        10322.99581212970        78791.45897261699        4.630000114440918
        3883.390833961004        3425.057611626037        10284.99909656398        78791.45980394600      0.05000000074505806
        3909.470396445713        3447.079932966092        10234.97130282079        78791.46106979100       0.4300000071525574
        3812.114629822510        3302.944982902985        10240.00688959625        78791.46153923600       0.6700000166893005
        3974.412398591645        3444.137007113522        10229.03344919973        78791.46175866200        1.440000057220459
        3866.401031153847        3478.004768277311        10241.98066816658        78791.46184097099       0.1099999994039536
        3805.693480055324        3410.993927465603        10198.95372027651        78791.46201892399        1.870000004768372
        4031.654536354802        3308.120047895186        10236.96917404192        78791.46383879099        1.570000052452087
        4001.467255127968        2801.964815659007        9036.031481885237        78791.54724929300     0.009999999776482582
        773.1842317490525        2599.222007368985        10546.02223617997        78791.54783704800       0.2500000000000000
