4.025409470288951979e+03 2.756159406115455113e+03 8.916036419490250410e+03
3.967621773349389059e+03 2.766794279742875005e+03 9.067967383851468185e+03
3.899129809058718820e+03 2.862965020714555976e+03 9.090966990579012418e+03
3.987340647950957191e+03 2.734982168829589227e+03 8.974968840618523245e+03
4.016302228680826829e+03 2.791807094563383998e+03 9.049026648203238437e+03
4.042380926455407007e+03 2.810866076943758799e+03 9.003001811132082366e+03
4.062115100405856992e+03 2.768892579282382030e+03 8.929007681589157073e+03
4.012063184008569806e+03 2.779086616332958783e+03 9.034034872390489909e+03
4.028207634822028922e+03 2.876094448982637914e+03 8.956981599664226451e+03
3.983999973735214098e+03 2.822006042734074072e+03 9.336033622495078816e+03
3.995198163953402855e+03 2.732930322779419839e+03 9.122964859591289496e+03
3.977509298027195200e+03 2.790115029851519012e+03 9.092951067034897278e+03
3.794141799248700863e+03 2.652815325682060120e+03 9.255021649322963640e+03
3.792764120337861186e+03 2.695226329878575143e+03 9.341004671060294640e+03
3.964207089605135025e+03 2.802902670589659010e+03 9.276953762596109300e+03
3.842180438622182010e+03 2.618952220785873124e+03 9.298006999168672337e+03
3.877497924548571063e+03 2.719865888371634810e+03 9.405042994267269023e+03
3.735627633694908127e+03 2.776194493911588779e+03 9.463003537234013493e+03
3.608664937145697877e+03 2.762230875295410897e+03 9.623981980196082077e+03
3.788637864058577179e+03 2.463864017847110972e+03 9.369000306689029458e+03
3.812610954015547122e+03 2.494798239653452129e+03 9.343974000880001768e+03
3.953140819665591152e+03 2.527106994592566025e+03 9.458976534567043927e+03
3.724358539425256822e+03 2.897867649061856810e+03 9.587955911072525851e+03
3.623475840762480857e+03 2.685077636298368816e+03 9.549006600604139749e+03
3.795698690522748166e+03 2.387995979245108174e+03 9.321025024502941960e+03
3.705989658354711992e+03 2.913108538022665016e+03 9.570959621637966848e+03
3.739190572592230183e+03 2.936031621855780031e+03 9.628029385746047410e+03
3.736368059691522831e+03 2.474841590517707118e+03 9.319026792233291417e+03
3.765233396150412773e+03 3.044926689933864964e+03 9.573962926195157706e+03
3.771633313157815792e+03 2.908892617766703097e+03 9.562022774743529226e+03
3.823142579874036983e+03 3.091178541035446870e+03 9.651006879497701448e+03
3.773114886745630884e+03 3.125146646257518114e+03 9.826020058768079252e+03
3.784321854972416986e+03 3.042838834000755014e+03 9.622952670432438026e+03
3.762492150769307955e+03 3.101797940684853984e+03 9.752037716981792983e+03
3.763481928217081986e+03 3.180041905360429155e+03 1.028699868390479969e+04
3.590267371720382016e+03 3.281065921928469834e+03 9.895046890566642105e+03
3.611531362326178169e+03 3.273098480865393867e+03 1.004403906210269997e+04
3.650264162013124860e+03 3.253105096745422088e+03 9.869027268103043752e+03
3.504201109669589187e+03 3.312031542571453883e+03 1.001197804311595974e+04
3.557138571861185028e+03 3.315861873905279026e+03 1.000504740546743051e+04
3.514097678996852210e+03 3.186983991663942106e+03 9.953036432384167711e+03
3.578344489873913062e+03 3.318016474210212891e+03 1.005803446722430090e+04
3.315723042008296943e+03 3.373859071594536999e+03 1.005004608671340065e+04
3.472420827860263216e+03 3.237815296133741867e+03 9.935033541020466146e+03
3.361623765598797945e+03 3.365837204575674150e+03 1.007702637686693924e+04
3.312223936162259179e+03 3.386183821046935009e+03 1.011704137409916075e+04
3.269191031081693836e+03 3.386197556535189960e+03 1.017096391594624947e+04
3.795020580687603797e+03 3.070911247273557819e+03 9.828033493618424473e+03
3.752604955336772036e+03 2.707133800524294202e+03 9.478023348238284598e+03
4.007179372176176912e+03 2.776157190936155985e+03 9.123039239488847670e+03
3.745453569138138846e+03 2.468003075276517848e+03 9.159024092657795336e+03
3.810465112090484126e+03 2.429927779019188165e+03 9.253000354083675120e+03
3.744172023982380779e+03 2.362122281974980979e+03 9.309965447228525591e+03
3.853509452212977976e+03 2.460029964713975914e+03 9.248962992685716017e+03
3.851376498494482803e+03 2.370161877184315017e+03 9.162998357207206936e+03
3.882488286817218977e+03 2.299847293282246028e+03 9.203005348317879907e+03
3.787164839575373207e+03 2.709246372410776075e+03 9.431002061402437903e+03
3.278275540960718899e+03 3.445882613796452915e+03 1.003102680620845967e+04
3.273306260266005211e+03 3.475104251613222914e+03 9.996013455882890412e+03
3.146365493512621924e+03 3.504023915155667055e+03 1.025796178086196960e+04
3.062305945543488178e+03 3.503932572648784117e+03 1.014200260490372057e+04
3.213640640741550214e+03 3.528093810522044805e+03 9.294014372373780134e+03
3.147668076442297206e+03 3.408935815593989901e+03 9.972012696126870651e+03
3.796345059827858222e+03 2.714763227961962912e+03 9.440994269560498651e+03
3.964462399424428895e+03 2.836148835420915020e+03 9.711039588813151568e+03
3.776606367220900211e+03 2.707144175841568995e+03 9.480009213670788085e+03
3.829511428866303049e+03 2.418059402076878996e+03 9.223993488135656662e+03
3.920520625318997190e+03 2.337958398041690998e+03 9.088968227049273992e+03
3.916280140417302846e+03 2.252761502164973990e+03 9.023001535695086204e+03
3.758537065277590955e+03 2.360164453951338146e+03 9.728957846938235889e+03
3.756754608517407178e+03 2.297201118039673929e+03 9.055981769593488934e+03
3.731347926773079962e+03 2.348902998731306070e+03 9.098977785732271514e+03
3.780053370539073967e+03 2.362061628166066839e+03 9.108043918434630541e+03
3.667126102988328057e+03 2.284885533946025134e+03 9.078038241415810262e+03
3.574631804385036958e+03 2.222106734568209049e+03 8.992013221469576820e+03
3.538698998263942940e+03 2.314957488395420114e+03 9.175000153867491463e+03
3.583074484550258148e+03 2.199205849219622905e+03 8.927016436297388282e+03
3.551364387630138026e+03 2.199227422571383158e+03 9.024034141389975048e+03
3.534663489189408210e+03 2.209120082398088925e+03 9.465040063676480713e+03
3.526670700456164923e+03 2.189053670113305998e+03 9.038950734070955150e+03
3.599356207027729852e+03 2.233147539499585037e+03 9.032995495399678475e+03
3.545663846099168950e+03 2.133075231551888010e+03 8.882959204749409764e+03
3.488500922140859984e+03 2.199178505366960962e+03 8.949968164425554278e+03
3.545723186444586190e+03 2.067841838740484945e+03 8.945980714460090894e+03
3.559127231356897028e+03 2.117853723731616810e+03 8.965956825343328092e+03
3.508277399090546169e+03 2.078826957761695212e+03 8.890997780832585704e+03
3.599422749301556905e+03 2.036953077324443029e+03 9.018960685824087705e+03
3.504285433288443073e+03 1.944188081603045930e+03 9.244042593812862833e+03
3.570487152962624805e+03 2.008125293852283903e+03 9.009986069009135463e+03
3.571239722140166123e+03 1.953901939225228034e+03 9.057002536107669584e+03
3.581128464838223863e+03 1.953909041887957983e+03 9.067997005261388040e+03
3.552237523113136831e+03 1.895013979104604005e+03 9.120030940241498683e+03
3.591039468590251090e+03 1.864077270020641890e+03 9.058018389279086477e+03
3.537395074819720776e+03 1.941195712913686066e+03 9.118025250482141928e+03
3.497257407680352117e+03 1.964971162390753989e+03 9.315040073185233268e+03
3.346160631015071885e+03 1.878013518219782100e+03 9.202047552574689689e+03
3.383534344164173945e+03 1.859779932936234900e+03 9.114033222735022719e+03
3.459067004571263169e+03 1.875912597652348040e+03 9.124988073800852362e+03
3.180281515476856839e+03 1.894917041600077027e+03 9.238026619681080774e+03
3.155567508219246974e+03 1.949155821673728042e+03 9.261022488613474707e+03
3.351141555298510866e+03 1.780979866370781110e+03 9.211972252095654767e+03
3.200166044735186006e+03 1.899232801879687941e+03 9.478015452942903721e+03
3.224066900305775107e+03 1.817804771059315954e+03 9.222027180332423086e+03
3.121656629976238946e+03 1.944041877710566951e+03 9.203040688639561267e+03
3.243133234763297878e+03 1.803828408843630086e+03 9.225021515065118365e+03
3.024331795498800147e+03 1.794877385954152032e+03 9.296031681966509495e+03
3.104083524408708854e+03 1.880082963775289954e+03 9.313968867165243864e+03
3.031303593018733864e+03 1.824071354524209937e+03 9.131020055441582372e+03
2.982048595438886878e+03 1.891969566683914081e+03 9.518023454329948436e+03
2.901484307803020783e+03 1.980048337439506895e+03 9.389033708138087604e+03
2.954503840735343147e+03 1.863978759260000970e+03 9.472044492567705674e+03
2.924123762324414201e+03 1.963134792278932991e+03 9.486028649019597651e+03
2.891645946505544998e+03 1.955068668848761945e+03 9.471045899189035481e+03
2.871161456141790040e+03 1.968193582306874987e+03 9.452951472802586068e+03
2.702449190325532072e+03 2.124978201984406951e+03 9.576974606865258465e+03
2.735572918344827031e+03 2.027033829823430096e+03 9.380992439940153417e+03
2.835295200333097910e+03 1.980994339851682980e+03 9.769963552173358039e+03
2.854256103036640070e+03 1.980930029673532999e+03 9.544955103699125175e+03
2.781596700425187009e+03 1.957210193412119906e+03 9.651994477115855261e+03
2.847211608049557981e+03 2.002131525589494004e+03 9.592951617632839771e+03
2.770254110943988053e+03 2.005917348374096036e+03 9.575984226637130632e+03
2.774543875271338948e+03 1.993241738709104993e+03 9.691986365448461584e+03
2.789386975775261817e+03 2.078034117347951906e+03 9.789952804630360333e+03
2.855347471322656929e+03 2.018079808976011918e+03 1.043304268858951946e+04
2.746355796523036133e+03 1.975891440549952904e+03 9.798003958511470046e+03
2.816169967942816129e+03 2.234845294198064039e+03 9.795987550199526595e+03
2.874064993349456927e+03 2.248008182172881789e+03 9.818957159912211864e+03
2.827443403185578973e+03 2.191171374341841783e+03 9.716997747385546973e+03
2.786494511729671103e+03 2.364950378771472970e+03 9.825953544970985604e+03
2.751202361734095120e+03 2.475159175304228029e+03 9.913026548826335784e+03
2.839412159416191116e+03 2.465829141802043978e+03 9.828991596588439279e+03
2.713106313392522225e+03 2.316207884299898978e+03 9.866003032653430637e+03
2.850703701388985792e+03 2.275926159587535949e+03 9.692957675302321150e+03
2.860576600145653174e+03 2.494224704115094028e+03 9.816971098260604776e+03
2.661614780753821833e+03 2.478165141711740944e+03 1.007996371262715002e+04
2.832253199356036930e+03 2.595874611685580021e+03 9.692043625464200886e+03
2.720108037965088897e+03 2.478087974962350017e+03 9.839038699070362782e+03
2.591659913544876872e+03 2.514964785872726225e+03 9.947977991678026228e+03
2.657345776374887009e+03 2.328070343015770959e+03 9.899022124790841190e+03
2.587482577899375883e+03 2.369194416981977156e+03 9.994035615589627923e+03
2.723695912756226789e+03 2.308157058553577826e+03 9.861001454675397326e+03
2.593085072419225980e+03 2.286918630149872115e+03 9.826963803720225769e+03
2.569077126622500145e+03 2.334807264819483862e+03 9.845956111099225382e+03
2.448319445629399979e+03 2.432233435859284782e+03 9.809966998188352591e+03
2.559992733723051970e+03 2.240782764709665116e+03 1.001499357274071917e+04
2.400493433874250059e+03 2.237823271666210076e+03 1.015395590824899045e+04
2.328467888908521218e+03 2.203031706711341030e+03 1.009299466732139990e+04
2.534595404340112964e+03 2.225107508416038854e+03 1.005000919309791061e+04
2.441529661048481103e+03 2.201881381391237937e+03 1.036095293423961994e+04
2.405412083228787196e+03 2.289943609366694091e+03 1.012703610586499053e+04
2.274128355013334840e+03 2.211942096574186962e+03 1.016101114051152945e+04
2.420282356955950036e+03 2.261163158877779097e+03 1.022504079693580024e+04
2.319217105040176193e+03 2.308086460072232967e+03 9.962960786433393878e+03
2.456283194008378814e+03 2.178080531919620171e+03 1.015495544553818945e+04
2.334231457353342194e+03 2.055194532315778815e+03 1.031004204029745051e+04
2.186651370186489203e+03 2.062770954260613962e+03 1.025699213851392051e+04
2.320008415172410878e+03 2.356922715982292175e+03 1.023104322586793933e+04
2.317210579762911038e+03 2.332784983978244782e+03 1.028695255319476018e+04
2.324215378934718046e+03 2.384872773279048033e+03 1.017003127984175990e+04
2.370067837471677194e+03 2.490826233875402067e+03 1.014197386902135077e+04
2.286092593770904841e+03 2.520096441082342153e+03 1.026299293660867079e+04
2.283445053333390206e+03 2.281181459425773028e+03 1.059598343989814930e+04
2.114052868120883886e+03 2.095940995829762869e+03 1.064800575728256990e+04
2.239523903570358925e+03 2.100012962540040007e+03 1.005596164097533074e+04
2.254229842637102138e+03 2.516168930085795182e+03 9.996005763621264123e+03
2.151228222479026954e+03 2.551835661067534147e+03 1.022402707565767923e+04
2.055369224856705841e+03 2.078041150156826006e+03 1.038603072687480926e+04
2.060343687708923881e+03 2.167100241875608845e+03 1.054599944828451044e+04
2.142260493357152882e+03 2.028084527003396033e+03 1.049801833422188065e+04
2.015180073489693086e+03 2.131081121052869094e+03 1.059602600390271073e+04
2.028572046338653990e+03 1.905109701510559944e+03 1.037099279867316000e+04
1.918411196034177010e+03 2.067004637134056793e+03 1.042197628834572060e+04
1.925575964182062080e+03 2.265104961975690912e+03 1.090200736662792042e+04
1.731359576435470899e+03 1.989872418955769945e+03 1.055195464326084948e+04
1.868320094882436024e+03 2.070852033044840937e+03 1.055398988042478049e+04
1.875446753879662083e+03 2.053968967491421154e+03 1.076799328455708019e+04
1.772383030163972080e+03 2.142159464317412130e+03 1.091399362587060932e+04
1.886765532419248075e+03 2.026014172438560990e+03 1.082199891844864032e+04
1.891577544698201109e+03 2.367988101326362994e+03 1.061098004248771940e+04
1.971390480309097029e+03 2.345995536680868099e+03 1.069496409058722020e+04
1.916395902574291085e+03 2.302834680923444921e+03 1.092399659038458958e+04
1.723542365254784045e+03 2.213220521714758888e+03 1.051498262791039087e+04
1.983320165060337104e+03 2.138186671335049141e+03 1.031903355194713913e+04
1.582254581606385045e+03 2.194007879135278017e+03 1.018002576475840942e+04
1.606306999135834076e+03 2.317017718702049024e+03 1.045497620914350955e+04
1.786380639062123919e+03 2.211113316414107885e+03 1.051596611665195996e+04
1.465107539714633049e+03 2.086811937989007220e+03 1.032499012309940008e+04
1.541358326236105995e+03 2.192803760882176903e+03 1.039503618647346957e+04
1.627494224736449951e+03 2.180100935472920810e+03 1.038801920855882963e+04
1.145250917534531027e+03 2.193122897450589790e+03 1.025401965822597958e+04
1.190474818818802987e+03 2.197863994031948096e+03 1.046700978066790958e+04
1.131127291304356049e+03 2.285105083359715991e+03 1.029698982056203931e+04
1.020305268922915047e+03 2.199083883914041053e+03 1.037503876557112926e+04
1.101495083810551023e+03 2.210108613053362205e+03 1.036402147805007007e+04
1.187653488592593931e+03 2.142758093778767943e+03 1.044502909091472975e+04
1.081049208748986985e+03 2.123259457341801863e+03 1.047595492593848940e+04
1.124109014384336888e+03 2.291124829850560218e+03 1.053898891369584999e+04
1.049265437261718944e+03 2.188940324787854024e+03 1.044803758099176048e+04
9.920883184800618437e+02 2.186840440520108132e+03 1.052204743336182946e+04
6.334281241600072008e+02 2.236868657536388127e+03 1.065397603093902035e+04
8.974419805764140392e+02 2.447033406882002055e+03 1.043696670796030048e+04
8.847568467736890625e+02 2.397918407348267920e+03 1.057098717672820931e+04
6.934565629965603648e+02 2.163150446356899010e+03 1.073199528477012063e+04
8.924873190379399830e+02 2.464803600380483203e+03 1.035896053900610059e+04
5.296512259043257700e+02 2.216991759974574961e+03 1.079799242981859061e+04
8.974185144729004833e+02 2.560159473788556170e+03 1.034602182124839055e+04
9.376830644028291317e+02 2.391920986281795194e+03 1.038798187715909989e+04
7.223725091164689047e+02 2.570889550278579009e+03 1.071603969746018083e+04
4.936390832032756748e+02 2.213162965378761783e+03 1.076299664075580040e+04
5.190472794061536206e+02 2.614187245013190932e+03 1.090704181499166953e+04
4.272540700374131006e+02 2.553092845999407018e+03 1.077297377938616955e+04
5.133889724720839922e+02 2.430136777532980886e+03 1.066001555976267082e+04
3.425294257587320885e+02 2.369095376287526051e+03 1.065995039258409997e+04
2.966439079881970997e+02 2.367033352910712892e+03 1.081795346364661054e+04
1.342515999138703080e+02 2.543015971684988017e+03 1.103399069571851942e+04
3.750183105093626068e+02 2.314898286043210192e+03 1.080796851861216055e+04
5.035042040938326977e+02 2.508143405889250971e+03 1.070998609385416057e+04
4.010648951548146783e+02 2.217805434470663840e+03 9.502001421397408194e+03
3.375022426265084960e+03 3.314953923109535026e+03 1.001704600500922061e+04
8.058976845035213898e+01 2.099965906216596977e+03 1.071395294116658988e+04
-4.650010148751000116e+01 2.129933464685891977e+03 1.033904388895086959e+04
3.751974078251414113e+01 2.013073906858895043e+03 1.070498140828739088e+04
-1.375817209177808991e+02 2.174087448999133812e+03 1.056002766419020918e+04
-1.644158523620531867e+02 2.205093173287345053e+03 1.074801637740113983e+04
-1.255765973107977942e+02 2.126991475907084805e+03 1.041104381280884991e+04
-7.545013734297857866e+01 2.261014400327033854e+03 1.067499842553937924e+04
-2.124269154656689977e+02 2.118170491809260966e+03 1.064504447200272079e+04
-1.284046135511109128e+02 2.141893798460851031e+03 1.061403877144470971e+04
-6.062312017577895062e+01 2.158000800008519946e+03 1.061903433370234052e+04
-2.357179593275066907e+02 2.052806213708818177e+03 1.035696446801714956e+04
-2.674850868937302835e+02 2.151120852485244086e+03 1.031703133833938955e+04
-3.416144505022735984e+02 2.185864949744161095e+03 1.028301597039617991e+04
-3.388062604310343886e+02 2.227937783039616988e+03 1.061100155414953952e+04
-3.253884849344963754e+02 2.219863054229905174e+03 1.055000506794710054e+04
-3.465666759130476180e+02 2.366102963354690019e+03 1.059095128312790985e+04
-3.677951557522205803e+02 2.335881875374655010e+03 1.139396131375826917e+04
-3.868277009868824052e+02 2.327203704739909881e+03 1.084396333127326943e+04
-5.633353126727934068e+02 2.291985245143616794e+03 1.071296298785474937e+04
-5.866191490469361725e+02 2.252921479444742999e+03 1.051197482544064042e+04
-5.548457671853608417e+02 2.311839884397617880e+03 1.053195653814390971e+04
-5.195624856599496297e+02 2.272916714488724210e+03 1.073297353172079056e+04
3.529174754629947074e+03 3.259911961958053780e+03 9.181990979591522773e+03
2.622076873481169969e+03 2.320032488343928890e+03 9.965039628298440221e+03
3.571237384287125224e+03 3.320936627134628907e+03 9.974036892808584525e+03
2.854263308509373019e+03 1.985173659291906915e+03 9.563953781156295008e+03
-2.526556170977409010e+02 2.084964902670577885e+03 1.019695336088170916e+04
-1.594719634457023005e+02 1.857874590658545003e+03 1.045702670466940071e+04
-9.380385809788558049e+01 1.872196910091359086e+03 1.016102379608199044e+04
-9.380575534747060829e+01 1.781096486652553949e+03 1.022895033144457011e+04
-8.251958830915665999e+01 1.886888541618641057e+03 1.111301965556266987e+04
-1.283914511815634114e+02 1.766965785317438986e+03 9.705953648436940057e+03
-1.276882753766841034e+02 1.947152869824597019e+03 9.968000713236799129e+03
-1.305296187591158059e+02 1.593010332861417965e+03 1.057899954621723009e+04
-2.068032186315579111e+02 1.875061704602019063e+03 1.124802034471308070e+04
-1.947828242198571900e+02 1.553153495681608092e+03 1.050900775890909063e+04
-3.268173257981434858e+02 1.320846789698452994e+03 1.027195422295261051e+04
-3.585997811638853250e+02 1.384888258442030974e+03 1.047303950024643018e+04
-4.094355108199508209e+02 1.406073731925079983e+03 1.043603180258561952e+04
-3.847157943404706089e+02 1.378072470020993933e+03 1.030903945751968968e+04
-3.953047304782762126e+02 1.450125185697203960e+03 1.032102280597713070e+04
-4.179094988689931256e+02 1.339950206238595001e+03 1.040504551559383071e+04
-3.854285981937977112e+02 1.409888519102546979e+03 1.044203245089945995e+04
-4.998489933818767099e+02 1.465946684241562934e+03 1.090801188273793923e+04
3.788602681911675973e+03 2.997094352582941156e+03 9.668971852842270891e+03
3.579729116361853812e+03 3.315871933930397972e+03 1.000803479516059087e+04
-3.183530185469742833e+02 1.345044313853848053e+03 1.046205017344094085e+04
4.036353463071909118e+03 3.335054691489640845e+03 9.870952032291239448e+03
3.783727663463004774e+03 3.182826281831633878e+03 9.905985231478129208e+03
3.707599862893829140e+03 3.344842590080509126e+03 1.020404644865862974e+04
3.706196459011473053e+03 3.361808374072334118e+03 1.023003833273704913e+04
3.675422431026262984e+03 3.321986969240686904e+03 9.473977162201763349e+03
3.713987729595574820e+03 3.433062800650103782e+03 1.032299581212970043e+04
3.883390833961003864e+03 3.425057611626037215e+03 1.028499909656398086e+04
3.909470396445713050e+03 3.447079932966092201e+03 1.023497130282078979e+04
3.812114629822509869e+03 3.302944982902984975e+03 1.024000688959625040e+04
3.974412398591644887e+03 3.444137007113522031e+03 1.022903344919972915e+04
3.866401031153846816e+03 3.478004768277311086e+03 1.024198066816657956e+04
3.805693480055324017e+03 3.410993927465603065e+03 1.019895372027650956e+04
4.031654536354802076e+03 3.308120047895185962e+03 1.023696917404192027e+04
4.001467255127968201e+03 2.801964815659006945e+03 9.036031481885236644e+03
7.731842317490525147e+02 2.599222007368985032e+03 1.054602223617996970e+04
