7.604177417339947169e+02 6.959998699305546097e+02 8.774016331211092620e+03
7.971434092384171208e+02 7.422064802149508296e+02 8.931006639051189268e+03
8.006690959468459141e+02 6.820293743385201424e+02 8.857012930884513480e+03
8.296100246290316136e+02 6.760961170374870335e+02 8.823009873760827759e+03
9.164442039071795989e+02 6.600016550400689539e+02 8.812999706163882365e+03
8.924650222951185015e+02 7.371422680710746818e+02 9.034994634517888699e+03
8.924687468377156847e+02 6.100159383528459784e+02 8.976008087625752523e+03
7.937033471595690344e+02 7.711097492486808278e+02 9.674003641851155407e+03
8.176280833574755889e+02 7.850193773051188373e+02 9.048998917304228598e+03
9.672805199873431548e+02 7.701883962482038442e+02 8.930979838686698713e+03
1.051308766275943071e+03 7.549544877309651838e+02 9.026968401587600965e+03
9.206743598270130633e+02 7.939042107301515898e+02 8.863983804231413160e+03
9.814034204689576200e+02 7.858718838856141247e+02 8.963975769847242191e+03
8.592805937372454537e+02 8.880001247564375717e+02 9.113979921132153322e+03
8.853894892504208656e+02 8.278142717616115078e+02 8.982984469507255199e+03
8.444413535556938086e+02 7.422084732670630274e+02 8.913000566703416553e+03
8.155155405816749408e+02 7.858719777444521242e+02 9.091999082557171278e+03
9.030631365226757907e+02 7.121475685448561990e+02 9.076995992987081991e+03
8.416422088836612829e+02 7.570622374021471614e+02 9.110999189303387539e+03
7.936315859935959907e+02 7.579027234364143624e+02 9.087005228374464423e+03
7.816504848101531024e+02 7.197814946194982895e+02 9.231011131730560010e+03
7.710778933626507978e+02 7.308156611361135901e+02 9.384011160138512423e+03
8.056639992070446397e+02 8.490481997856304588e+02 9.390992222075992686e+03
9.221033099695630426e+02 9.748713968035166317e+02 9.103958456002568710e+03
8.606938328657435022e+02 9.452124150874005863e+02 9.161971492352862697e+03
8.776374229613464877e+02 9.710649580243961054e+02 9.178965297550765172e+03
9.030524498147464101e+02 9.668289782036422366e+02 9.172962403345383791e+03
8.684439946624399909e+02 9.888454153029096005e+02 9.075963812958712879e+03
9.341075394364105478e+02 1.041833880170795055e+03 9.167046691813304278e+03
8.444368508470884080e+02 9.901097968780974270e+02 9.045966831436988286e+03
8.324518536831693609e+02 1.015979650567304020e+03 9.189964328971942450e+03
8.465514116053994940e+02 1.037993354353731092e+03 9.052958922610187074e+03
8.296461982346789910e+02 1.074062998282850003e+03 9.369955160776416960e+03
8.684578305958567626e+02 1.055820488075225967e+03 9.222953056117021333e+03
8.860951721352645336e+02 1.054959871082912969e+03 9.133950776868103276e+03
8.592730910813940000e+02 1.073186589467733029e+03 9.182951391538221287e+03
8.635079176721180829e+02 1.049029514930555933e+03 9.158954847990880808e+03
9.722127119972268474e+02 9.278222706632673180e+02 8.973958063005982694e+03
9.404757837452895046e+02 1.066854716386462087e+03 9.282041616218531999e+03
8.493925243297410361e+02 1.177868304950530046e+03 9.277034787851382134e+03
8.847130509983462616e+02 1.057114492838549040e+03 9.350950615819921950e+03
8.670489418338111136e+02 9.939501379041048494e+02 9.203963209856945468e+03
9.030601385552598686e+02 1.044815618286467043e+03 9.279950080119428094e+03
8.896720702023847025e+02 1.046116178078221083e+03 9.465951747626188080e+03
9.341707133774572185e+02 1.024951890152316082e+03 9.588049433621123171e+03
9.221290837899367716e+02 9.960886202105303937e+02 9.296955171362524197e+03
9.002563423509100176e+02 1.055010281124499897e+03 9.430049383268054953e+03
8.755497482275776520e+02 9.961029860687604014e+02 9.416961719502483902e+03
9.235769977765228305e+02 8.749183024572002978e+02 9.463972775806541904e+03
9.221863975712509500e+02 9.020627464099105737e+02 9.630969190728001195e+03
9.292431469117535698e+02 8.829882707972955131e+02 9.592970843066648740e+03
9.652261334136954929e+02 8.431317839157912886e+02 9.400970913226536140e+03
9.900673438859473663e+02 8.890224797255619933e+02 1.027496088960179986e+04
8.494382983103525930e+02 8.638861755272536129e+02 9.409984560403827345e+03
8.395539034951336816e+02 8.401524548450195198e+02 9.392989042667930335e+03
6.002131425018086475e+02 8.498810310434273561e+02 9.395014696936097607e+03
8.225205178892526874e+02 7.159022605443469729e+02 8.618006433466438466e+03
9.094807782852271885e+02 8.117923906724467997e+02 9.591983162970513149e+03
7.577100899616048082e+02 8.079953111762773688e+02 9.830003435018095843e+03
7.456968464497532523e+02 6.541395907191014203e+02 9.640022515835638842e+03
8.106302064817782593e+02 6.651439662649490856e+02 9.457013470954370860e+03
7.704611943267332208e+02 7.050465052110905617e+02 1.010801415088320937e+04
7.696659462192325236e+02 7.918420493171952330e+02 9.426004031116355691e+03
7.612232954841991841e+02 8.821455743228035544e+02 9.735993171693031400e+03
7.520403845601231296e+02 9.338461482046210449e+02 9.734986883035215214e+03
6.291892322446670960e+02 5.409698330747430646e+02 9.485045664327108170e+03
6.531776322064590659e+02 5.079024283861310209e+02 9.293045981909199327e+03
7.244757996251387340e+02 6.028249871856979780e+02 9.259030018005074453e+03
6.913252323532900618e+02 4.201977756592697801e+02 9.436048366955899837e+03
4.512680474771227068e+02 6.070763601565388399e+02 9.581955125561426030e+03
4.900926132148450733e+02 5.680789508823373808e+02 9.443955866831156527e+03
4.406664627200938753e+02 5.918046372802583619e+02 9.415957302107319265e+03
5.126872739305395044e+02 4.651018599659794859e+02 9.389962452797644801e+03
6.051837269593922883e+02 4.659582675108447916e+02 9.436954305119947094e+03
5.592776017127555406e+02 3.430520770967976887e+02 9.207966295024742067e+03
5.020872100338829114e+02 3.142321648541748118e+02 9.168972529616559768e+03
5.253902354031062032e+02 3.782242230289077725e+02 9.259967176607280635e+03
6.362409702016302617e+02 2.828855363028981742e+02 9.222962058630533647e+03
6.510615564229684651e+02 3.299210002926470793e+02 9.192958302154645935e+03
7.124772186594933601e+02 3.341586201303788926e+02 9.111951531939206689e+03
6.602278930620104802e+02 2.769467432436744048e+02 9.039959886852775526e+03
6.743233166357675827e+02 3.468537695357869097e+02 8.849954988552823124e+03
7.251769689796361718e+02 3.532243589912557127e+02 9.048048683475171856e+03
6.482315324360663453e+02 1.638080647820297031e+02 9.022965031849631487e+03
7.710650294306674368e+02 3.341578513577875924e+02 9.010044343595260216e+03
6.235252989275888922e+02 1.938936583275693124e+02 9.091966643828012820e+03
6.475250862693956151e+02 2.070297464453616954e+02 9.047963844362016971e+03
7.555181401421001510e+02 4.608502409317105730e+02 8.972038286295035505e+03
6.164626606654504712e+02 1.121101685425985011e+02 9.012969294365666428e+03
4.823202729324696065e+02 1.311716367077517020e+02 9.071980456452301951e+03
4.463167931297039104e+02 4.599863707025477311e+01 9.076984256510018895e+03
5.896228924304648444e+02 4.515739627494865971e+01 8.852972652334563463e+03
7.851695611536127899e+02 4.591572906374793206e+02 8.966034836101294786e+03
6.023455006018599533e+02 8.287185372586201026e+01 9.029971087847667150e+03
5.713237433595720631e+02 6.507795500511221576e+01 9.507974143818490120e+03
5.995135093494990315e+02 2.905679938671961082e+01 8.909971826700266320e+03
5.981751862548209147e+02 7.779533494435622742e+01 9.730971546558756017e+03
4.830613687384827131e+02 -2.179885859569547080e+01 9.432981715934552994e+03
5.811779083853098200e+02 -1.739120730047760901e+02 9.004971210230263750e+03
5.190403503393972642e+02 -1.692530426611631924e+02 8.945976681791804367e+03
4.646905006928179773e+02 -2.379062565706393002e+02 9.113978667370400217e+03
5.261182702922546923e+02 -2.722249412915800235e+02 9.088972532439791394e+03
5.381148854954029730e+02 -2.251876557229363129e+02 9.042973371955777111e+03
2.952382228480125832e+02 -2.230855676735766906e+02 9.211989274120542177e+03
1.667388593079068926e+02 -2.938642434822779137e+02 9.424991042116917015e+03
7.372236877018938230e+02 8.571455011692009975e+02 9.772999399898810225e+03
7.873425232287631843e+02 8.918902170881758593e+02 9.703988650517921997e+03
7.972249152816943933e+02 9.859772366436218363e+02 9.748973547866304216e+03
8.346556122201925518e+02 9.279278289966707689e+02 9.787977499836033530e+03
7.901538169648100620e+02 9.770630740912968122e+02 9.656975798330704492e+03
7.266400695960239773e+02 8.601200964864830212e+02 9.839000211078449865e+03
8.890050050206709784e+02 9.910645643558304982e+02 9.708960655836914157e+03
8.466806344861490743e+02 1.044086417236044099e+03 1.003295793062127996e+04
8.593823466596404614e+02 9.249792281310707267e+02 9.895974655860149142e+03
8.735337950249412415e+02 8.949193289678521523e+02 1.009597703946703041e+04
8.812467074813399677e+02 8.541782746866613252e+02 9.675981570878235289e+03
8.982387557208935505e+02 8.902510951346747561e+02 1.003397427047112069e+04
9.194086139696481723e+02 9.071942391499927680e+02 9.956968868092790217e+03
8.982537253461099453e+02 9.220548038549960665e+02 1.016196974352262077e+04
9.462768502515020828e+02 7.241312242984890872e+02 1.008598840890858992e+04
9.801178522495901007e+02 7.079911221033248694e+02 9.735985121146884921e+03
9.695912719987860555e+02 6.919313095483414600e+02 1.014998849921152942e+04
9.764926084269540070e+02 5.439244776017566210e+02 9.004001799235540602e+03
1.012636494620628014e+03 7.258232634858056826e+02 9.997978050742261985e+03
1.071269719476033060e+03 6.639676667057409531e+02 1.011997525225106983e+04
9.314535584384179856e+02 6.609817929655361013e+02 1.007699745565492958e+04
8.312230127428083506e+02 5.118077872019769075e+02 1.025902501361480972e+04
8.495914441126035399e+02 4.651921051736262029e+02 1.029402617743536030e+04
7.952278791156352327e+02 5.558968625224348443e+02 1.043302589539375913e+04
8.580702780196405683e+02 5.469979842881772356e+02 1.038701854268974057e+04
7.846330334610735235e+02 4.588330422643758766e+02 1.034703493933396931e+04
8.383253534306766142e+02 4.652090776121036129e+02 1.054002766574441921e+04
8.680081869598418507e+02 4.792120962744663757e+02 1.072302266941940979e+04
9.202376661718968762e+02 4.359688576173467141e+02 1.049401847291140984e+04
8.475022150307901256e+02 3.711131953885662256e+02 1.045103263622861050e+04
8.863235929958526640e+02 4.910567712419450004e+02 1.040201925073773054e+04
9.053872171139039438e+02 4.351096499052923150e+02 1.034602064949624037e+04
8.141109089170992092e+02 7.418062189916468014e+02 9.120004550587940685e+03
7.301058612129360199e+02 4.761057932114421760e+02 9.015040116060856235e+03
5.183505871458662568e+02 -2.268860157224094962e+02 9.107974944733439770e+03
6.941456465560243032e+02 -2.298357251861202997e+02 8.962958169707762863e+03
2.980572055226277257e+02 -2.730812505429396992e+02 9.063987194264429490e+03
9.270572859728721369e+02 4.129732461801843897e+02 8.809019000060101462e+03
8.466283014919006291e+02 4.019740041365326988e+02 9.205030864652097080e+03
6.821438214415156835e+02 -1.819562794367047047e+02 9.004961010664801506e+03
8.000902852161484589e+02 -1.938200639378524102e+02 9.283046600753739767e+03
7.937072273716162272e+02 -2.590672625065470243e+02 9.011045072564718794e+03
8.586566302718359793e+02 -2.349072145912599865e+02 8.968037617270903866e+03
8.826989304144954076e+02 -2.878816878601996905e+02 9.197032169950232856e+03
9.772220614676248260e+02 -1.408215292214229066e+02 8.696023369141170406e+03
9.843502026948389130e+02 -2.590513135926025825e+02 9.058018565876571301e+03
1.098069380771773922e+03 -2.548116031452242112e+02 9.311000222373681027e+03
1.135423786298573077e+03 -2.840281068669669935e+02 8.905992454811184871e+03
1.210322046024514975e+03 -2.628455855928863798e+02 9.221979631395874094e+03
1.262504573571563924e+03 -2.539266743662755061e+02 8.885969896140382843e+03
1.205326797846541922e+03 -2.429199312266939899e+02 8.955981361775768164e+03
1.273109969507323058e+03 -2.568942411155268246e+02 8.957967675587757185e+03
1.236410751275705024e+03 -2.289364849716205015e+02 9.056975946727217888e+03
1.257609303729278054e+03 -2.259706346692657064e+02 9.143971920061465426e+03
1.260419901127148023e+03 -2.060525593553506098e+02 9.087972041540471764e+03
1.250541564299072888e+03 -1.458846845176672105e+02 9.161975646212804349e+03
1.269616650022494923e+03 -1.530870435526394999e+02 9.213971718905457237e+03
