 x(m) y(m) z(m) time(s) chi2
        1816.412908840091        874.9096860269419        8462.981629546473        82245.46840423001       0.7400000095367432
        1837.599507599155        866.0196526556649        8488.976792379033        82245.46851197899       0.7300000190734863
        1752.207245881909        857.9641238356422        8570.001860932711        82245.46953514501       0.1000000014901161
        1833.447643359122        652.9132744029719        8637.003423482995        82245.47050321700        4.099999904632568
        1902.598435736668        683.0007977674934        8548.980056833048        82245.47101838900        1.190000057220459
        1884.342800907968        694.8982765488861        8891.984192391277        82245.47125708900        1.610000014305115
        1800.286338085131        667.7446072695914        8712.011311622231        82245.47142749900        1.029999971389771
        1739.471224930618        874.0492432369489        8473.003145378967        82245.47165801399       0.3899999856948853
        1762.108131620784        863.9071875223917        8638.998339032689        82245.47176414399        4.570000171661377
        1751.529775743220        924.9310012649701        8718.992673149216        82245.47209392600       0.4199999868869781
        1653.399865427427        1082.974139905775        8807.993875603806        82245.47414297200        2.430000066757202
        1500.473243179240        1184.861866612589        9991.013493255790        82245.47428592099        3.630000114440918
        1597.623961146918        1116.861365650488        8803.002199090151        82245.47438586400       0.5000000000000000
        1344.260115694399        984.2323732489702        9027.982780622187        82245.47669168199        1.330000042915344
        1376.694641131788        1034.213098076876        8875.967948092964        82245.47701890300       0.8799999952316284
        1283.562786657828        1021.105623377722        9131.989447990005        82245.47736989601       0.2199999988079071
        1285.019239053338        1010.122479141681        9345.990915096885        82245.47784980100       0.1599999964237213
        1295.550693940947        1027.876956158475        9068.985938125987        82245.47816098500     0.009999999776482582
        1351.309949592795        988.0401631632304        8983.980703043431        82245.47824334000        1.190000057220459
        1096.510743105583        1019.840413029696        9316.024469894117        82245.47917066600       0.9100000262260437
        1280.712355281970        1029.135808439797        9004.988721949858        82245.47954886701        2.579999923706055
        1176.242260174655        1034.218459726767        9075.007972514948        82245.47987528100        2.869999885559082
        1130.376667757770        1002.025289357589        9180.021398495715        82245.48044716800        1.700000047683716
        996.2339798458626        1121.937806401579        9223.023698787974        82245.48083806700       0.8700000047683716
        918.6002699305917        932.0964183392318        9261.965371834502        82245.48134993900       0.3400000035762787
        827.5789146004707        971.9864354747345        9692.971842244981        82245.48182907300       0.2199999988079071
        860.0294655578757        946.1059196568312        9471.971455219742        82245.48282402100        4.949999809265137
        772.4653739984188        990.9994013599644        9355.975799197213        82245.48300511199       0.6299999952316284
        779.5234749100782        1018.968431454243        9358.970526403929        82245.48403146100       0.2899999916553497
        760.4553325399120        1060.915031036997        9335.965968396833        82245.48436750899       0.1000000014901161
        781.6415673849077        1040.158925675400        9373.966840350804        82245.48453598400        3.940000057220459
        745.6491915904461        1071.961316730960        9512.965864996700        82245.48468575200       0.1400000005960464
        718.0902021490758        1171.940745934290        9362.951392207289        82245.48532901700       0.8999999761581421
        677.1485678207850        1177.881261879125        9421.954763769185        82245.48546550500       0.2899999916553497
        843.0239319584830        1263.878678032126        9223.019130536251        82245.48583457799        1.820000052452087
        715.2912922507455        1235.979818647617        9630.040184853602        82245.48594283601       0.2700000107288361
        663.7336026982435        1255.013241147655        9464.042015747718        82245.48653924200        1.610000014305115
        625.6224309388539        1291.061668899432        9617.038651942961        82245.48681551901       0.1500000059604645
        833.1533120853238        1325.774454023592        9364.007836348677        82245.48756178000        1.620000004768372
        591.7200633859347        1280.857307026053        9460.043936833206        82245.48786805601       0.5600000023841858
        784.4654315737237        1360.990317855123        9589.006568890105        82245.48814654601       0.4600000083446503
        555.7134995287141        1300.772663160745        9463.043128616750        82245.48838308100       0.8600000143051147
        587.4947351994047        1310.972318143003        9596.038198313814        82245.48853227800       0.8299999833106995
        559.2417235217747        1305.007029685764        9446.041953808439        82245.48877334400        1.879999995231628
        792.2135371465324        1352.907394134439        9439.007332323978        82245.48992392700        1.019999980926514
        543.7119523903144        1249.066601180068        9431.953930821255        82245.49091449199        2.529999971389771
        526.0683057300145        1310.111286886484        9548.043723011051        82245.49102803100        1.529999971389771
        477.3525454153016        1294.846252352248        9514.950082347430        82245.49266767000        1.950000047683716
        481.5922578968671        1271.969793699160        9548.954377997445        82245.49291323600        1.450000047683716
        504.1964502323871        1363.975193926310        9764.034175744522        82245.49316357700       0.8000000119209290
        546.5662497810530        1383.072397713753        9877.026576743385        82245.49358226900       0.3000000119209290
        516.1739847910883        1446.132790576575        9512.015077140750        82245.49366845400        2.359999895095825
        359.4396953940006        1424.065467694844        9404.030781098369        82245.49467138899       0.4600000083446503
        532.4114415273662        1396.968721311873        9476.024725234140        82245.49488046000        1.320000052452087
        472.4093934269334        1500.826270844560        9638.005802426813        82245.49501455799      0.05000000074505806
        1754.351764536007        941.8808514294545        8723.989413680980        82245.49523175901       0.3799999952316284
        774.6378575718123        1479.772853145917        10134.98127864144        82245.49650761600       0.6299999952316284
        867.7418220602156        1491.909185542778        9442.966464708014        82245.49719044300        1.889999985694885
        1021.652801878669        1522.028943033995        9515.036206713079        82245.49849483299        1.110000014305115
        994.1355912428157        1427.958464541662        9554.962736002406        82245.49884082400      0.07999999821186066
        1097.226052158753        1480.970500549736        9681.033378206772        82245.49898113500       0.1700000017881393
        1095.094049435340        1533.931559091542        9635.021198762628        82245.49913682100       0.5000000000000000
        999.0655257043777        1591.118984450945        9588.022882440424        82245.49959060000        1.590000033378601
        1029.421794213148        1508.895580184043        9526.038088176860        82245.49970257700        1.419999957084656
        1118.383448888550        1456.784149448525        9535.035288312494        82245.50011032700        1.330000042915344
        977.1862838427024        1444.054317882088        9529.961716291456        82245.50031662099       0.2700000107288361
        1118.402488187069        1425.868700329413        9623.042289313900        82245.50063054101       0.1400000005960464
        1134.637837292391        1603.882693356987        9727.997066536305        82245.50115833301       0.3899999856948853
        1096.507384062864        1583.099944915656        9676.008919208020        82245.50141744400        2.109999895095825
        1240.542595163447        1664.090293072014        9793.961945569783        82245.50195935200       0.1599999964237213
        1195.315308639986        1675.891805142023        9570.967451713675        82245.50362198500        3.289999961853027
        1235.649873167327        1773.942133698617        10123.03383045079        82245.50431274000       0.6499999761581421
        1187.651661601722        1723.934674487302        10152.95608005655        82245.50515859800        1.470000028610229
        1343.487831769488        1822.028823664368        9276.998448630569        82245.50677265300       0.2800000011920929
        1323.047802946907        1619.053125069642        9294.956995701423        82245.50687810400        3.450000047683716
        1371.063227600652        1866.171916059299        9511.979820629498        82245.50704657300       0.2099999934434891
        1360.491041104052        1622.058611669080        9428.048966467564        82245.50718456900       0.7300000190734863
        1355.465581220684        1928.804933038681        9239.964455372055        82245.50792288000       0.6700000166893005
        1475.521199963089        1602.957394636263        9233.028284939322        82245.50820353899       0.4300000071525574
        1402.120017115015        1549.987797073633        9274.957338584356        82245.50847699000       0.6100000143051147
        1454.340955210107        1694.074346764902        9286.009540264875        82245.50858667200        2.380000114440918
        1366.057251538171        1981.790493456777        9289.045536254920        82245.50937130200        3.019999980926514
        732.2195497060326        943.1021707054564        9291.987810892600        82245.51054656399        1.970000028610229
        1452.230036377535        1602.959340686045        9255.033618070120        82245.51068609999       0.6200000047683716
        1400.654901281751        1805.066294065063        9203.991010119293        82245.51297590400        4.489999771118164
        1591.213989835164        1811.830790176249        9044.044103115521        82245.51391559000       0.4000000059604645
        1548.088800103979        1782.929124936416        8756.963223154509        82245.51425618900        3.630000114440918
        365.0994340609042        1255.003930308127        9498.965457336250        82245.51658364201        1.250000000000000
        252.1426161799761        1127.868977657620        9491.994707412934        82245.51845561901        3.700000047683716
        398.2847383404811        1140.160164293869        9474.985084442815        82245.51876253600       0.8700000047683716
        1800.082573394426        2116.932524932641        8964.994143306923        82245.51888276900        1.629999995231628
        1803.606432834293        2183.043938089958        8989.970819072651        82245.51973365901        1.029999971389771
        370.0485642045053        1032.098426086585        9472.005221034116        82245.51988779200        1.649999976158142
        143.4139410216487        1099.868586553276        9321.002967984467        82245.52034456700        1.090000033378601
        400.4153047175035        1052.040410353857        9616.000128840889        82245.52092552900        3.279999971389771
        308.5908582655992        1098.935221078935        8800.997282633998        82245.52107742600        1.110000014305115
        330.5119701251636        1079.988340305073        9506.999441587826        82245.52120279901       0.8799999952316284
        281.0951491059244        837.1589442868984        9437.038375262542        82245.52330312401        1.340000033378601
        287.4534857463176        810.8952910698976        9511.041493519802        82245.52350981600       0.3300000131130219
        326.2861149902273        801.9985665485571        9520.040757227187        82245.52387387201        1.289999961853027
        336.1676763424237        838.8626388455215        9489.035493287478        82245.52401737600        1.279999971389771
        318.5309180124838        861.7854653055680        9785.033336845660        82245.52433381601       0.1500000059604645
        313.5597595984950        1030.799345538029        9313.008448865288        82245.52591112599       0.3400000035762787
        367.2151008467042        962.1452147095625        9261.016340567065        82245.52621331000       0.9200000166893005
        378.4996974481667        938.8088302925316        9054.019164911277        82245.52641314000       0.1899999976158142
        1847.593790570555        661.8243035955064        8736.998435402378        82245.52667679499        2.990000009536743
        345.3196181210099        916.7729522275105        9052.024255307479        82245.52696856701       0.7400000095367432
        1903.370871887961        502.9351479410191        8650.996609648664        82245.52747080500       0.8000000119209290
        346.0228410621831        909.1377149303337        8996.025311888649        82245.52777529501       0.6600000262260437
        374.2665879084232        888.8095122449046        9067.026593197448        82245.52797349000       0.5099999904632568
        326.2667177866323        851.1092476508121        9173.034377070733        82245.52882857500       0.6100000143051147
        341.0886431470059        882.0358009166032        9120.029392137672        82245.52894661200        3.440000057220459
        319.2001278130738        827.7836597893779        9024.037808820201        82245.52911199100      0.07000000029802322
        446.2742750224954        670.9926409847818        8889.048662734564        82245.52951714800       0.5899999737739563
        566.2844253745731        768.0323952796384        8890.028188998980        82245.53003034400        1.470000028610229
        432.1570727280002        634.9762778163347        8898.953718561404        82245.53075595300       0.2300000041723251
        440.6409532531235        557.8693182864937        9022.960366301382        82245.53183441900       0.1899999976158142
        518.2900177706941        501.9267776966350        8851.959200176680        82245.53230013500        1.000000000000000
        443.4583399309395        570.1499625221356        8935.959082650825        82245.53239591800        1.970000028610229
        613.5800474381092        609.9710887384052        8739.040935663545        82245.53254363300        1.519999980926514
        1758.543969239575        957.9606798535202        8576.985854647048        82245.53340576500      0.05000000074505806
        589.6008140575398        490.9189180836190        8913.953880918005        82245.53469363000        2.599999904632568
        670.1075713386897        490.9417018725808        9140.045559630724        82245.53553743599      0.07999999821186066
        666.5609292066399        428.2140410114567        8938.950848959645        82245.53572130400       0.3000000119209290
        659.5944300962317        490.1509970265788        9887.046719932976        82245.53601915200        1.769999980926514
        735.0498410481244        396.0181266153382        8978.045036574875        82245.53617990800        1.679999947547913
        849.4287564820834        385.8604221483221        9016.031488522431        82245.53714088599       0.9399999976158142
        831.0570919658967        220.1708105483817        8786.041789424980        82245.53730357300       0.1700000017881393
        807.0547782936673        362.9681800615626        8895.038323129502        82245.53784854400       0.2700000107288361
        771.0959352988604        307.0503764166719        9248.045707410167        82245.53798097000       0.5199999809265137
        880.4861064254110        251.9576571778655        8874.033995283895        82245.53959183700        1.139999985694885
        891.0858040511962        340.9477290844301        9003.028382985069        82245.54031000900       0.4499999880790710
        877.6605390958094        302.8054441412210        8897.032167844593        82245.54063318900      0.05000000074505806
        901.6564309714533        287.1267140687085        8828.029554826113        82245.54164493299        1.710000038146973
        1077.447221127313        343.9249839839819        8850.999531875488        82245.54257027600        4.900000095367432
        1059.097574968237        276.1268728997006        8843.005900381402        82245.54293756100       0.1299999952316284
        1024.490765034720        365.1036689220796        8823.007056525159        82245.54322677100        2.710000038146973
        1006.149277846515        76.12261035131135        8719.019985347277        82245.54434733100        1.470000028610229
        1013.186579995518        428.2362561848307        8813.004922764714        82245.54447323900       0.4900000095367432
        1017.427628873214        418.9165666765555        8839.004869957595        82245.54505945300       0.3199999928474426
        1031.537221819930        485.8648557892523        8820.997849902813        82245.54539777600       0.3600000143051147
        1038.597389335445        499.0018463935336        8831.995690625479        82245.54560834701       0.8100000023841858
        1014.590126131568        613.8330213052424        8884.989506645019        82245.54657129500        1.759999990463257
        1008.223943077247        598.1461336588293        8795.992005869404        82245.54689283400       0.4799999892711639
        1005.422142056334        587.1413938572844        8928.993474073774        82245.54700744200      0.05999999865889549
        1018.109079698485        577.8082844010721        8791.992318339640        82245.54710179000        3.859999895095825
        1133.271322772489       -56.06316617891294        8865.998927029686        82245.54788289301        1.259999990463257
        1073.274766472183       -78.10475537176404        8945.009048625112        82245.54808728500       0.2000000029802322
        1142.523059648100       -120.8987872147210        9232.996384997869        82245.54899250000       0.2000000029802322
        1148.129338619835       -120.0461761903225        8997.995393088153        82245.54966556100       0.8999999761581421
        1170.701481547881       -131.0579100311138        8873.991080653428        82245.54995392900        2.829999923706055
        1031.536171759006        718.0810468216998        8970.975888210587        82245.55030598500       0.6600000262260437
        1231.446916227164       -239.1023701609466        8938.976528607047        82245.55184731800       0.4799999892711639
        855.0046608978494        751.9327053785004        8722.998018341579        82245.55276877200        2.019999980926514
        1075.581969913930       -215.0038675092656        9977.005523646434        82245.55320778101       0.7699999809265137
        1266.043392210873       -267.9105629583415        8919.968623773935        82245.55347816899       0.9499999880790710
        811.2790232184515        768.9201038967931        9076.001691870086        82245.55360559199      0.05000000074505806
        898.0682673360723        693.8839350228969        8687.998707754366        82245.55391731900       0.7599999904632568
        1355.717840905657       -278.9160494393435        8941.949765907517        82245.55437963600       0.9100000262260437
        1331.169463684609       -248.0187512850937        9747.956221123422        82245.55473482799        1.690000057220459
        1620.053029819011        2191.875815229728        8893.016917820862        82245.55929923200       0.5299999713897705
        1786.676253510613        2294.947535303493        9104.036802318973        82245.55978740100        1.419999957084656
        1698.419596420962        2166.056463632001        8935.005424691240        82245.56025127000        1.169999957084656
        1744.362125849488        2292.871382140359        9244.049248873924        82245.56045283801       0.1700000017881393
        1758.393848630358        2313.952803489232        8945.037744864459        82245.56061714901       0.4399999976158142
        1739.297979862014        2416.889633499055        8876.004702046701        82245.56167818300       0.8100000023841858
        1662.378115223812        2425.801529050135        8948.021781145499        82245.56175109700      0.07999999821186066
        1753.389007650329        2426.180658600772        8787.997308443397        82245.56194606300      0.07000000029802322
        1572.686264995931        2413.843643972717        8742.048997439400        82245.56238674201       0.9599999785423279
        1692.043724515517        2500.008780383335        9072.985296103514        82245.56263064200       0.1099999994039536
        1659.515956319795        2535.941187832830        8872.979582718761        82245.56293767301       0.6999999880790710
        1646.111966638948        2563.075435405154        8917.972182938665        82245.56304322100        1.149999976158142
        1771.029647904645        2644.029387102759        8916.005293624821        82245.56379726800       0.1700000017881393
        1659.452496537706        2673.164606575312        8721.023031680737        82245.56445143900       0.6499999761581421
        1679.241540139982        2607.091344329182        8777.045281737343        82245.56518013800       0.5500000119209290
        1661.549421236446        2790.110581690040        8720.972290771442        82245.56532179999       0.8799999952316284
        1730.654186190201        2737.889724338641        8450.976603663736        82245.56608699101       0.7400000095367432
        1696.085521410647        2834.963378213339        8570.043965768406        82245.56741571300       0.6200000047683716
        1670.601151688266        3009.867159920886        8395.970331903478        82245.56855916099        1.419999957084656
        1737.700636233746        2964.197522902001        8561.973906731049        82245.56866760700        1.409999966621399
        1857.689707981636        3035.863278983862        8639.006005517953        82245.56907092400        2.339999914169312
        1802.637274559163        3034.153522585782        8630.022578579626        82245.56915066999        1.590000033378601
        1825.311019372017        3069.911563759574        8965.999049539842        82245.56926142400       0.4000000059604645
        1796.325828165648        3082.964722560465        8807.000923930666        82245.57024550901       0.2599999904632568
        1781.465606674011        3110.868915057866        8686.991484084178        82245.57073801500       0.4499999880790710
        1820.292003087380        3079.102579769751        8696.995997995273        82245.57147914299        1.289999961853027
        1923.316403335548        3084.178897715001        8637.963368301078        82245.57198867299        1.129999995231628
        1932.573735768411        3085.160523872551        8910.960145506715        82245.57288160900      0.01999999955296516
        1937.451383154227        3049.033430653780        8678.976042532009        82245.57333708501        1.649999976158142
        1989.114642219524        3206.100702560959        9239.982696239742        82245.57399262000        1.009999990463257
        1999.515321879457        3188.000321143717        8630.988438188826        82245.57416924300       0.3300000131130219
        1994.570189394144        3193.077783044175        8618.987435201550        82245.57443838600        1.799999952316284
        2070.101943621115        3174.892418278911        8654.972530036057        82245.57459379701        3.579999923706055
        2052.542608321798        3169.086084313986        8914.981130994909        82245.57516811800       0.1099999994039536
        2102.568101329676        3113.866464109017        8616.992081079321        82245.57533865899        1.419999957084656
        1878.550792832567        897.8120372313016        8537.960487531949        82245.61794546001       0.1099999994039536
        2215.330917022936        927.1467187857464        8720.048663754573        82245.61990356100       0.2599999904632568
        2128.348813623975        982.9926095300913        8301.970192548582        82245.62015695999       0.4499999880790710
        2120.654984855516        963.9554027916224        8502.975674844158        82245.62030854099       0.4199999868869781
        2241.367787589887        822.0319272698612        8412.954403740796        82245.62144511400       0.7599999904632568
        2198.282658240179        1022.863267347739        8477.039866494113        82245.62163028700       0.3499999940395355
        2329.508369470800        885.9994324608022        8186.013903154073        82245.62233457400       0.4199999868869781
        2279.048135136552        1115.827072214051        9359.996034345246        82245.62268668300       0.2800000011920929
        2347.147973755651        910.1529253728243        8182.004042185537        82245.62315696001       0.2300000041723251
        2305.498698126833        902.0911107646456        8170.020344814948        82245.62344442900        3.609999895095825
        2354.215453006626        927.1069319377058        8216.998998798614        82245.62419503900       0.6899999976158142
        2409.226367237288        988.1175106834916        8130.969316316586        82245.62432165700        1.669999957084656
        2430.459167665138        961.0274581559631        8261.965439140617        82245.62447850600       0.8899999856948853
        2434.609064495351        994.0443661537929        8059.958771194862        82245.62496581700       0.8399999737739563
        2434.004043107214        1228.839590154531        8483.017639991225        82245.62521525100       0.4900000095367432
        2430.108038467297        1284.107030477630        9413.008296211248        82245.62532118800        3.990000009536743
        2430.523094201819        1228.015793169935        8610.019134842481        82245.62546690300       0.4000000059604645
        2575.115358030328        1008.079880675397        8169.001617793797        82245.62590566400        1.990000009536743
        2482.243267919459        1220.071090603551        9092.000836985193        82245.62605153100       0.3199999928474426
        2562.403378277085        980.9557977635897        8135.010961497846        82245.62652982400        2.490000009536743
        2553.180980018014        1003.816045868343        8035.011077075292        82245.62687072600        3.180000066757202
        2517.071219165979        1421.096984613036        9827.046170905229        82245.62748141600        1.470000028610229
        2591.331865777030        1049.178115786811        8150.988420155411        82245.62757411900        3.059999942779541
        2502.517857263515        1264.898273114803        8615.984136719066        82245.62776416400       0.6200000047683716
        2645.685140219079        1033.092258139143        8143.968788605595        82245.62784614399       0.3499999940395355
        2546.411850300607        1356.088789060991        8999.048651824123        82245.62835989099     0.009999999776482582
        2634.514847382562        1097.123401885971        8486.962230183939        82245.62873077900        3.869999885559082
        2589.142013013705        1152.111315389443        8041.971493211561        82245.62898061100        3.529999971389771
        2673.169429046831        1055.963406697234        8052.953591984189        82245.62926492600        1.279999971389771
        2680.177414085756        1114.841420579396        7972.040704314506        82245.63036851100       0.7400000095367432
        2699.192915233882        1194.910895697672        7926.018167158364        82245.63126720600       0.7500000000000000
        2750.741018391051        1141.123484290152        7942.006068998262        82245.63225779901        1.450000047683716
        2792.436016958533        1161.918882782286        8071.984243468157        82245.63248347300       0.4300000071525574
