1.816412908840090950e+03 8.749096860269419267e+02 8.462981629546473414e+03
1.837599507599155004e+03 8.660196526556649133e+02 8.488976792379033213e+03
1.752207245881909103e+03 8.579641238356422264e+02 8.570001860932710770e+03
1.833447643359121912e+03 6.529132744029718651e+02 8.637003423482994549e+03
1.902598435736668080e+03 6.830007977674933954e+02 8.548980056833048366e+03
1.884342800907968012e+03 6.948982765488860878e+02 8.891984192391277247e+03
1.800286338085131092e+03 6.677446072695913699e+02 8.712011311622231005e+03
1.739471224930618064e+03 8.740492432369488824e+02 8.473003145378967019e+03
1.762108131620783979e+03 8.639071875223917232e+02 8.638998339032688818e+03
1.751529775743219943e+03 9.249310012649700639e+02 8.718992673149215989e+03
1.653399865427426903e+03 1.082974139905775019e+03 8.807993875603806373e+03
1.500473243179239944e+03 1.184861866612588983e+03 9.991013493255790308e+03
1.597623961146917964e+03 1.116861365650488096e+03 8.803002199090151407e+03
1.344260115694399019e+03 9.842323732489702479e+02 9.027982780622187420e+03
1.376694641131788103e+03 1.034213098076875895e+03 8.875967948092964434e+03
1.283562786657827928e+03 1.021105623377722054e+03 9.131989447990004919e+03
1.285019239053337969e+03 1.010122479141680969e+03 9.345990915096885146e+03
1.295550693940946985e+03 1.027876956158474968e+03 9.068985938125986650e+03
1.351309949592794965e+03 9.880401631632304316e+02 8.983980703043431276e+03
1.096510743105583060e+03 1.019840413029696037e+03 9.316024469894116919e+03
1.280712355281970076e+03 1.029135808439797074e+03 9.004988721949857791e+03
1.176242260174655030e+03 1.034218459726766923e+03 9.075007972514948051e+03
1.130376667757770065e+03 1.002025289357589031e+03 9.180021398495715403e+03
9.962339798458625637e+02 1.121937806401579110e+03 9.223023698787974354e+03
9.186002699305917076e+02 9.320964183392318319e+02 9.261965371834501639e+03
8.275789146004707391e+02 9.719864354747345487e+02 9.692971842244980508e+03
8.600294655578757101e+02 9.461059196568312473e+02 9.471971455219741983e+03
7.724653739984188405e+02 9.909994013599643949e+02 9.355975799197212837e+03
7.795234749100782210e+02 1.018968431454243046e+03 9.358970526403929398e+03
7.604553325399119785e+02 1.060915031036997107e+03 9.335965968396832977e+03
7.816415673849077166e+02 1.040158925675400042e+03 9.373966840350803977e+03
7.456491915904460939e+02 1.071961316730960107e+03 9.512965864996700475e+03
7.180902021490758216e+02 1.171940745934289907e+03 9.362951392207289246e+03
6.771485678207850469e+02 1.177881261879125077e+03 9.421954763769184865e+03
8.430239319584829900e+02 1.263878678032125890e+03 9.223019130536251396e+03
7.152912922507455278e+02 1.235979818647617094e+03 9.630040184853602113e+03
6.637336026982435442e+02 1.255013241147654981e+03 9.464042015747718324e+03
6.256224309388538813e+02 1.291061668899432107e+03 9.617038651942961224e+03
8.331533120853238188e+02 1.325774454023591943e+03 9.364007836348677301e+03
5.917200633859347363e+02 1.280857307026052922e+03 9.460043936833206317e+03
7.844654315737236630e+02 1.360990317855123067e+03 9.589006568890104973e+03
5.557134995287141237e+02 1.300772663160744969e+03 9.463043128616749527e+03
5.874947351994046585e+02 1.310972318143002894e+03 9.596038198313814064e+03
5.592417235217747020e+02 1.305007029685764110e+03 9.446041953808438848e+03
7.922135371465324170e+02 1.352907394134439073e+03 9.439007332323977607e+03
5.437119523903144227e+02 1.249066601180067892e+03 9.431953930821255199e+03
5.260683057300144583e+02 1.310111286886484095e+03 9.548043723011051043e+03
4.773525454153016199e+02 1.294846252352248030e+03 9.514950082347429998e+03
4.815922578968671246e+02 1.271969793699159936e+03 9.548954377997444681e+03
5.041964502323871216e+02 1.363975193926310112e+03 9.764034175744522145e+03
5.465662497810529885e+02 1.383072397713752935e+03 9.877026576743384794e+03
5.161739847910882872e+02 1.446132790576574962e+03 9.512015077140749781e+03
3.594396953940005801e+02 1.424065467694844074e+03 9.404030781098368607e+03
5.324114415273661507e+02 1.396968721311872969e+03 9.476024725234139623e+03
4.724093934269333772e+02 1.500826270844559986e+03 9.638005802426812807e+03
1.754351764536007067e+03 9.418808514294545375e+02 8.723989413680979851e+03
7.746378575718123329e+02 1.479772853145916997e+03 1.013498127864144044e+04
8.677418220602155543e+02 1.491909185542778005e+03 9.442966464708013518e+03
1.021652801878669038e+03 1.522028943033994892e+03 9.515036206713079082e+03
9.941355912428157353e+02 1.427958464541661897e+03 9.554962736002406018e+03
1.097226052158752964e+03 1.480970500549736016e+03 9.681033378206771886e+03
1.095094049435339912e+03 1.533931559091542113e+03 9.635021198762628046e+03
9.990655257043777056e+02 1.591118984450944936e+03 9.588022882440423928e+03
1.029421794213147905e+03 1.508895580184042956e+03 9.526038088176859674e+03
1.118383448888549992e+03 1.456784149448525113e+03 9.535035288312494231e+03
9.771862838427024371e+02 1.444054317882088071e+03 9.529961716291456469e+03
1.118402488187068911e+03 1.425868700329413059e+03 9.623042289313900255e+03
1.134637837292390941e+03 1.603882693356986920e+03 9.727997066536305283e+03
1.096507384062864048e+03 1.583099944915655897e+03 9.676008919208019506e+03
1.240542595163447004e+03 1.664090293072013992e+03 9.793961945569782984e+03
1.195315308639985915e+03 1.675891805142023031e+03 9.570967451713675473e+03
1.235649873167327087e+03 1.773942133698616999e+03 1.012303383045078954e+04
1.187651661601722026e+03 1.723934674487301891e+03 1.015295608005655049e+04
1.343487831769487912e+03 1.822028823664368019e+03 9.276998448630569328e+03
1.323047802946907041e+03 1.619053125069641965e+03 9.294956995701422784e+03
1.371063227600651999e+03 1.866171916059299065e+03 9.511979820629498136e+03
1.360491041104052101e+03 1.622058611669079937e+03 9.428048966467564242e+03
1.355465581220684044e+03 1.928804933038680929e+03 9.239964455372055454e+03
1.475521199963088975e+03 1.602957394636262961e+03 9.233028284939322475e+03
1.402120017115014889e+03 1.549987797073632919e+03 9.274957338584355966e+03
1.454340955210107040e+03 1.694074346764901975e+03 9.286009540264874886e+03
1.366057251538170931e+03 1.981790493456777085e+03 9.289045536254920080e+03
7.322195497060325806e+02 9.431021707054563876e+02 9.291987810892600464e+03
1.452230036377535043e+03 1.602959340686044925e+03 9.255033618070119701e+03
1.400654901281751108e+03 1.805066294065062948e+03 9.203991010119292696e+03
1.591213989835164057e+03 1.811830790176248911e+03 9.044044103115520556e+03
1.548088800103979111e+03 1.782929124936415974e+03 8.756963223154509251e+03
3.650994340609041728e+02 1.255003930308127110e+03 9.498965457336249528e+03
2.521426161799761019e+02 1.127868977657620007e+03 9.491994707412934076e+03
3.982847383404811126e+02 1.140160164293869002e+03 9.474985084442814696e+03
1.800082573394425935e+03 2.116932524932641172e+03 8.964994143306923434e+03
1.803606432834292946e+03 2.183043938089957919e+03 8.989970819072650556e+03
3.700485642045052828e+02 1.032098426086585050e+03 9.472005221034116403e+03
1.434139410216486965e+02 1.099868586553275918e+03 9.321002967984466522e+03
4.004153047175034885e+02 1.052040410353856942e+03 9.616000128840889374e+03
3.085908582655991950e+02 1.098935221078935001e+03 8.800997282633998111e+03
3.305119701251636002e+02 1.079988340305073052e+03 9.506999441587826368e+03
2.810951491059244063e+02 8.371589442868984179e+02 9.437038375262542104e+03
2.874534857463175967e+02 8.108952910698975529e+02 9.511041493519802316e+03
3.262861149902273041e+02 8.019985665485570507e+02 9.520040757227186987e+03
3.361676763424237038e+02 8.388626388455214737e+02 9.489035493287477948e+03
3.185309180124838235e+02 8.617854653055679819e+02 9.785033336845659505e+03
3.135597595984950203e+02 1.030799345538029002e+03 9.313008448865288301e+03
3.672151008467042175e+02 9.621452147095625378e+02 9.261016340567064617e+03
3.784996974481667280e+02 9.388088302925316384e+02 9.054019164911276675e+03
1.847593790570555029e+03 6.618243035955064215e+02 8.736998435402378163e+03
3.453196181210099098e+02 9.167729522275104728e+02 9.052024255307478597e+03
1.903370871887960902e+03 5.029351479410191246e+02 8.650996609648664162e+03
3.460228410621830903e+02 9.091377149303336864e+02 8.996025311888648503e+03
3.742665879084232188e+02 8.888095122449045675e+02 9.067026593197448165e+03
3.262667177866322845e+02 8.511092476508121081e+02 9.173034377070733171e+03
3.410886431470058824e+02 8.820358009166031934e+02 9.120029392137672403e+03
3.192001278130737774e+02 8.277836597893779071e+02 9.024037808820201462e+03
4.462742750224953738e+02 6.709926409847818150e+02 8.889048662734563550e+03
5.662844253745730612e+02 7.680323952796384219e+02 8.890028188998980113e+03
4.321570727280001734e+02 6.349762778163346866e+02 8.898953718561404457e+03
4.406409532531234845e+02 5.578693182864936944e+02 9.022960366301382237e+03
5.182900177706941349e+02 5.019267776966349857e+02 8.851959200176679587e+03
4.434583399309394736e+02 5.701499625221356382e+02 8.935959082650824712e+03
6.135800474381092044e+02 6.099710887384052285e+02 8.739040935663544587e+03
1.758543969239575063e+03 9.579606798535202188e+02 8.576985854647047745e+03
5.896008140575397647e+02 4.909189180836190189e+02 8.913953880918004870e+03
6.701075713386896950e+02 4.909417018725807793e+02 9.140045559630723801e+03
6.665609292066399121e+02 4.282140410114566862e+02 8.938950848959644645e+03
6.595944300962316902e+02 4.901509970265788070e+02 9.887046719932975975e+03
7.350498410481244491e+02 3.960181266153381898e+02 8.978045036574874757e+03
8.494287564820833722e+02 3.858604221483220726e+02 9.016031488522430664e+03
8.310570919658966886e+02 2.201708105483816951e+02 8.786041789424980379e+03
8.070547782936672547e+02 3.629681800615625775e+02 8.895038323129501805e+03
7.710959352988603541e+02 3.070503764166718952e+02 9.248045707410166870e+03
8.804861064254109806e+02 2.519576571778655136e+02 8.874033995283894910e+03
8.910858040511961917e+02 3.409477290844300796e+02 9.003028382985068674e+03
8.776605390958094404e+02 3.028054441412210167e+02 8.897032167844592550e+03
9.016564309714533465e+02 2.871267140687085089e+02 8.828029554826112872e+03
1.077447221127313014e+03 3.439249839839819174e+02 8.850999531875488174e+03
1.059097574968237041e+03 2.761268728997005724e+02 8.843005900381402171e+03
1.024490765034719971e+03 3.651036689220795779e+02 8.823007056525158987e+03
1.006149277846515020e+03 7.612261035131135145e+01 8.719019985347276815e+03
1.013186579995517945e+03 4.282362561848307223e+02 8.813004922764714138e+03
1.017427628873213962e+03 4.189165666765554761e+02 8.839004869957594565e+03
1.031537221819929982e+03 4.858648557892523172e+02 8.820997849902812959e+03
1.038597389335445087e+03 4.990018463935335831e+02 8.831995690625479256e+03
1.014590126131568013e+03 6.138330213052423687e+02 8.884989506645018992e+03
1.008223943077246986e+03 5.981461336588292852e+02 8.795992005869404238e+03
1.005422142056333996e+03 5.871413938572843563e+02 8.928993474073773541e+03
1.018109079698484948e+03 5.778082844010721146e+02 8.791992318339640406e+03
1.133271322772488929e+03 -5.606316617891293674e+01 8.865998927029686456e+03
1.073274766472183046e+03 -7.810475537176404259e+01 8.945009048625111973e+03
1.142523059648099888e+03 -1.208987872147209970e+02 9.232996384997868518e+03
1.148129338619834925e+03 -1.200461761903224982e+02 8.997995393088152923e+03
1.170701481547881031e+03 -1.310579100311138063e+02 8.873991080653428071e+03
1.031536171759006038e+03 7.180810468216998288e+02 8.970975888210587073e+03
1.231446916227163911e+03 -2.391023701609466059e+02 8.938976528607046930e+03
8.550046608978493623e+02 7.519327053785003727e+02 8.722998018341579154e+03
1.075581969913929925e+03 -2.150038675092656035e+02 9.977005523646434085e+03
1.266043392210872980e+03 -2.679105629583414725e+02 8.919968623773935178e+03
8.112790232184514707e+02 7.689201038967930799e+02 9.076001691870085779e+03
8.980682673360722674e+02 6.938839350228969352e+02 8.687998707754366478e+03
1.355717840905657113e+03 -2.789160494393435101e+02 8.941949765907516849e+03
1.331169463684608900e+03 -2.480187512850937139e+02 9.747956221123422438e+03
1.620053029819011044e+03 2.191875815229727777e+03 8.893016917820861636e+03
1.786676253510612923e+03 2.294947535303493169e+03 9.104036802318973059e+03
1.698419596420962080e+03 2.166056463632000941e+03 8.935005424691240478e+03
1.744362125849487938e+03 2.292871382140358946e+03 9.244049248873923716e+03
1.758393848630357979e+03 2.313952803489231883e+03 8.945037744864459455e+03
1.739297979862014017e+03 2.416889633499054980e+03 8.876004702046700913e+03
1.662378115223812074e+03 2.425801529050134832e+03 8.948021781145498608e+03
1.753389007650328949e+03 2.426180658600771949e+03 8.787997308443396832e+03
1.572686264995930969e+03 2.413843643972717018e+03 8.742048997439400409e+03
1.692043724515516942e+03 2.500008780383334852e+03 9.072985296103513974e+03
1.659515956319794896e+03 2.535941187832830110e+03 8.872979582718760867e+03
1.646111966638947933e+03 2.563075435405154167e+03 8.917972182938665355e+03
1.771029647904644889e+03 2.644029387102758847e+03 8.916005293624821206e+03
1.659452496537706111e+03 2.673164606575312064e+03 8.721023031680737404e+03
1.679241540139981907e+03 2.607091344329181993e+03 8.777045281737342521e+03
1.661549421236446051e+03 2.790110581690039908e+03 8.720972290771442204e+03
1.730654186190201017e+03 2.737889724338640917e+03 8.450976603663735659e+03
1.696085521410647061e+03 2.834963378213339183e+03 8.570043965768405542e+03
1.670601151688266100e+03 3.009867159920886024e+03 8.395970331903477927e+03
1.737700636233746081e+03 2.964197522902000856e+03 8.561973906731049283e+03
1.857689707981636047e+03 3.035863278983862074e+03 8.639006005517952872e+03
1.802637274559162961e+03 3.034153522585781957e+03 8.630022578579626497e+03
1.825311019372016972e+03 3.069911563759574165e+03 8.965999049539841508e+03
1.796325828165648090e+03 3.082964722560464907e+03 8.807000923930665522e+03
1.781465606674011042e+03 3.110868915057866161e+03 8.686991484084177500e+03
1.820292003087379953e+03 3.079102579769751173e+03 8.696995997995272774e+03
1.923316403335548102e+03 3.084178897715000858e+03 8.637963368301077935e+03
1.932573735768411098e+03 3.085160523872551039e+03 8.910960145506714980e+03
1.937451383154226960e+03 3.049033430653780215e+03 8.678976042532009160e+03
1.989114642219524058e+03 3.206100702560958780e+03 9.239982696239741927e+03
1.999515321879456906e+03 3.188000321143716974e+03 8.630988438188825967e+03
1.994570189394144109e+03 3.193077783044174794e+03 8.618987435201550397e+03
2.070101943621114970e+03 3.174892418278911009e+03 8.654972530036056924e+03
2.052542608321798070e+03 3.169086084313985793e+03 8.914981130994909108e+03
2.102568101329676210e+03 3.113866464109017215e+03 8.616992081079320997e+03
1.878550792832566913e+03 8.978120372313015878e+02 8.537960487531949184e+03
2.215330917022935864e+03 9.271467187857464296e+02 8.720048663754572772e+03
2.128348813623974820e+03 9.829926095300912721e+02 8.301970192548582418e+03
2.120654984855515977e+03 9.639554027916224186e+02 8.502975674844157766e+03
2.241367787589887030e+03 8.220319272698611712e+02 8.412954403740795897e+03
2.198282658240178989e+03 1.022863267347738997e+03 8.477039866494113085e+03
2.329508369470800062e+03 8.859994324608021543e+02 8.186013903154072977e+03
2.279048135136551991e+03 1.115827072214050986e+03 9.359996034345245789e+03
2.347147973755651037e+03 9.101529253728242566e+02 8.182004042185537401e+03
2.305498698126833006e+03 9.020911107646455775e+02 8.170020344814947748e+03
2.354215453006625921e+03 9.271069319377057809e+02 8.216998998798613684e+03
2.409226367237287832e+03 9.881175106834915596e+02 8.130969316316585719e+03
2.430459167665138011e+03 9.610274581559631315e+02 8.261965439140616581e+03
2.434609064495351049e+03 9.940443661537929074e+02 8.059958771194861583e+03
2.434004043107213874e+03 1.228839590154530924e+03 8.483017639991225224e+03
2.430108038467296865e+03 1.284107030477629905e+03 9.413008296211248307e+03
2.430523094201818822e+03 1.228015793169935023e+03 8.610019134842481435e+03
2.575115358030328025e+03 1.008079880675397021e+03 8.169001617793796868e+03
2.482243267919458958e+03 1.220071090603551056e+03 9.092000836985193018e+03
2.562403378277084812e+03 9.809557977635896577e+02 8.135010961497846438e+03
2.553180980018013997e+03 1.003816045868343053e+03 8.035011077075291723e+03
2.517071219165979073e+03 1.421096984613036057e+03 9.827046170905228792e+03
2.591331865777030089e+03 1.049178115786811077e+03 8.150988420155411404e+03
2.502517857263514998e+03 1.264898273114803033e+03 8.615984136719065646e+03
2.645685140219079130e+03 1.033092258139143041e+03 8.143968788605595364e+03
2.546411850300607057e+03 1.356088789060991076e+03 8.999048651824123226e+03
2.634514847382562039e+03 1.097123401885970907e+03 8.486962230183939027e+03
2.589142013013704855e+03 1.152111315389443007e+03 8.041971493211561210e+03
2.673169429046830828e+03 1.055963406697233950e+03 8.052953591984189188e+03
2.680177414085756027e+03 1.114841420579396072e+03 7.972040704314506002e+03
2.699192915233882104e+03 1.194910895697672004e+03 7.926018167158364122e+03
2.750741018391051057e+03 1.141123484290151964e+03 7.942006068998261981e+03
2.792436016958532946e+03 1.161918882782285891e+03 8.071984243468156819e+03
