 x(m) y(m) z(m) time(s) chi2
        1782.500862507730        829.1267178021577        8330.997297831120        82245.46766507201        1.429999947547913
        771.4666227959896        883.0183370149462        6857.992262701253        82245.48474972500        3.799999952316284
        1779.581502321000        935.8557743971230        8058.983296905856        82245.49438800701       0.6499999761581421
        1824.116894692746        857.0854368955336        8236.981850399286        82245.50266969900        1.980000019073486
        1437.134497244687        1753.932402411644        8152.996656954795        82245.50926334700        1.799999952316284
        1663.708723710219        1137.026409361010        7767.981722130282        82245.51152454100        1.470000028610229
        272.5647815569068        795.8798917264843        8047.044516276165        82245.52854696100        1.200000047683716
        1543.490246949214        1418.141164328770        7006.955396282513        82245.53288870100       0.2500000000000000
        1548.527368389154        1482.209179477750        7451.039697664893        82245.53486021400        1.179999947547913
        1561.253806210555        1347.920979782839        7453.966369661476        82245.53929982999       0.1899999976158142
        987.5513838252322        1042.887324441814        7805.038453696748        82245.54122974700       0.4900000095367432
        1555.660310079834        1409.827306433548        7711.954331754269        82245.54575331800      0.07000000029802322
        988.2592221686857        1051.787270930441        7824.036879920121        82245.54747354100       0.3600000143051147
        1654.566945315940        1667.140927311095        8255.967905886013        82245.55805687400        3.049999952316284
        838.6691167240832        1131.915379975972        8227.044516073338        82245.61756827800      0.01999999955296516
