1.782500862507730062e+03 8.291267178021577138e+02 8.330997297831119795e+03
7.714666227959895650e+02 8.830183370149461553e+02 6.857992262701252912e+03
1.779581502321000016e+03 9.358557743971230138e+02 8.058983296905856150e+03
1.824116894692745973e+03 8.570854368955335758e+02 8.236981850399286486e+03
1.437134497244687054e+03 1.753932402411644034e+03 8.152996656954795071e+03
1.663708723710218919e+03 1.137026409361010110e+03 7.767981722130281923e+03
2.725647815569067802e+02 7.958798917264842885e+02 8.047044516276165268e+03
1.543490246949213997e+03 1.418141164328769946e+03 7.006955396282512993e+03
1.548527368389153935e+03 1.482209179477750013e+03 7.451039697664892628e+03
1.561253806210555013e+03 1.347920979782838913e+03 7.453966369661476165e+03
9.875513838252321648e+02 1.042887324441813917e+03 7.805038453696747638e+03
1.555660310079834062e+03 1.409827306433548074e+03 7.711954331754269333e+03
9.882592221686857101e+02 1.051787270930441082e+03 7.824036879920120555e+03
1.654566945315940075e+03 1.667140927311095083e+03 8.255967905886012886e+03
8.386691167240832101e+02 1.131915379975971973e+03 8.227044516073337945e+03
