2.936396982534043218e+03 2.109143120583310974e+03 1.017697642694792012e+04
2.243238350552178872e+03 2.006922789179463962e+03 1.051899042117749013e+04
2.248147038111657821e+03 2.114994307591262896e+03 1.049595370665112023e+04
2.240387152707306996e+03 1.986125804317169923e+03 1.042799793314561066e+04
2.304635544155908974e+03 2.290946428562740039e+03 1.062797233633727046e+04
2.509339777620295990e+03 2.118837725612243958e+03 1.038595487253035935e+04
1.880452981045358001e+03 2.157062849063417161e+03 1.105395774641671051e+04
1.721494952297334066e+03 2.287927602948214826e+03 1.082795679922384079e+04
2.089342232242997852e+03 2.323173565347673957e+03 1.080603463683108021e+04
1.999666085155201927e+03 2.611023299726395180e+03 1.098095177607124970e+04
2.059447759919909004e+03 3.228877021195862199e+03 1.067204976004564924e+04
1.805663875255956100e+03 2.291945872929200050e+03 1.135003278511587087e+04
1.379256125835878947e+03 2.116063296138922851e+03 1.166199966363912063e+04
1.459006898541470036e+03 2.085903479466630870e+03 1.143599190411816926e+04
1.528522204304945035e+03 3.461068238370222844e+03 1.071597610803893986e+04
1.792333314315540065e+03 2.180115249434459201e+03 1.158097524673852058e+04
2.006504812453196109e+03 3.528223113265682969e+03 1.089200737624501016e+04
1.667294218095818906e+03 2.218187917009488046e+03 1.141999589616010962e+04
9.956088395935728386e+02 2.475100387096495979e+03 1.065404095636856073e+04
1.805090078200875041e+03 2.211974534210954062e+03 1.176496068919741083e+04
1.922532750371678048e+03 3.236981134035196192e+03 1.082898770907949984e+04
1.548113408730698893e+03 2.100936412197433128e+03 1.198896606140187032e+04
1.686486897561811020e+03 2.122953878022673962e+03 1.183702336938186090e+04
1.957153574465303109e+03 1.744123032766568940e+03 1.221796174411596076e+04
1.871036861931436079e+03 1.798851188419150049e+03 1.241697230247429979e+04
1.884047462513083929e+03 1.823051016335899021e+03 1.104596148604021073e+04
1.618114043429118965e+03 2.154914523741962057e+03 1.236403034106543055e+04
2.016593267944181889e+03 2.689863961771144204e+03 1.097601422361574078e+04
2.276214188479349104e+03 3.683091726697509785e+03 1.106202959626085976e+04
2.095576880803987933e+03 3.263846382648680901e+03 1.107402026567561006e+04
2.290411571324632860e+03 3.818919116141987161e+03 1.137004418506092952e+04
2.163327402109915056e+03 3.402050122169522183e+03 1.108502496832084034e+04
2.172357925538763084e+03 3.920821738925205864e+03 1.100002333890828049e+04
2.181492179853656125e+03 3.908872638793221086e+03 1.086502754441943944e+04
2.214046073708672793e+03 3.772055873169406823e+03 1.100399931646992081e+04
2.267732189595300042e+03 3.625828708618909786e+03 1.099496585487941047e+04
2.458991666149096091e+03 3.926846274322585032e+03 1.103301644175683941e+04
2.216040990173797127e+03 3.489884907299855968e+03 1.045895924758807996e+04
2.180085087528375880e+03 3.939835714149007799e+03 1.090000894632291966e+04
2.194325865886542033e+03 3.851881632897754116e+03 9.138957864473399241e+03
2.504072394763315970e+03 3.470888530669732063e+03 1.046696392876844948e+04
2.455416608600065047e+03 3.685924643273343918e+03 1.075296159586571957e+04
1.817200140644506973e+03 4.183955620168727364e+03 1.097896661033239070e+04
2.522481593004979914e+03 3.607922332440475202e+03 1.069798016793249008e+04
2.588672883892802020e+03 3.645862659179530056e+03 1.030703161647317029e+04
2.453179460774014842e+03 3.759944073550121175e+03 1.049201871224281058e+04
2.587284877051718013e+03 3.798958816895595191e+03 1.046904328143902967e+04
1.784006554599701985e+03 4.116916228177718040e+03 1.088301963663030983e+04
1.877198899916249957e+03 4.099990727352124850e+03 1.090000388988158011e+04
2.609225109328379858e+03 3.760038858059291215e+03 1.058195691815993996e+04
2.617145098418494854e+03 3.663864817128458981e+03 9.171009408587537109e+03
2.570990445705685033e+03 3.795899854736583166e+03 1.032195105355674059e+04
2.140582037341298928e+03 3.983135693492245991e+03 1.101999537590014916e+04
1.614608018864073074e+03 4.239083635486874300e+03 1.107198451781563017e+04
1.922326793743646022e+03 4.093102896365125162e+03 1.072099487233157015e+04
1.792544724528351935e+03 4.141243759313601004e+03 1.113800153473600039e+04
1.643511386283797037e+03 3.923074226984784218e+03 1.070098042568757955e+04
1.608171529023002904e+03 3.880985244399847943e+03 1.050101516418555002e+04
1.629275331408060993e+03 4.501151483842925700e+03 1.063000097789116080e+04
2.663555549119936131e+03 3.768072662378323002e+03 1.052403034198567002e+04
1.692128314012062901e+03 4.360033282528349446e+03 1.064598326675578028e+04
1.642710415419089941e+03 4.454148377787366371e+03 1.068903061800461001e+04
1.673230258518432038e+03 4.575890344081207331e+03 1.140703715878132061e+04
1.752146120751318904e+03 4.558967354767931283e+03 1.084102800179241967e+04
1.781672058526952014e+03 4.406857739759838296e+03 1.030102621972342058e+04
1.510672065043444945e+03 4.367939754620400890e+03 1.047702323817012075e+04
1.500086872228702987e+03 4.387876188485476632e+03 1.050301202606863080e+04
1.582005515556086948e+03 4.899839780758890811e+03 1.099701838918225076e+04
1.506341305994591039e+03 4.889213776462972419e+03 1.042304464129351072e+04
1.489348474190245042e+03 5.093850179291221139e+03 1.033398871755014989e+04
1.512614825429687016e+03 5.128964450134220897e+03 1.025095503223816922e+04
1.399645217139332090e+03 5.135151125278575819e+03 1.006097570073315001e+04
1.482253242093675908e+03 5.497851216727899555e+03 1.044595411380900077e+04
1.663577556842606100e+03 5.571034718764874924e+03 1.025204600611191017e+04
2.194411541078894970e+03 1.998979194447733107e+03 1.225401004832848048e+04
1.612088105121335047e+03 5.418892287301352553e+03 1.027299033868005063e+04
2.118058440102869099e+03 1.618128893231897109e+03 1.176104332581948984e+04
1.683395415367373971e+03 5.543236693968745385e+03 1.044796458261914086e+04
1.902147304001904104e+03 5.426962050774678573e+03 1.023000335929574067e+04
1.605049796592151097e+03 5.479175319334971391e+03 1.039104016331302046e+04
1.727130351970653010e+03 5.468955286134727430e+03 1.031001711433624951e+04
1.639635838697126019e+03 5.460954878722173817e+03 1.038904704540199054e+04
1.734185393581619110e+03 5.474884941954310307e+03 1.030401010555204084e+04
2.289049070282400862e+03 2.052855221010822788e+03 1.229095974760303034e+04
1.727384702180439035e+03 5.700073758304653893e+03 1.140701496453639993e+04
1.716430618466335090e+03 5.656021318310089555e+03 1.001495699144227001e+04
1.556343478028067921e+03 5.630114056932463427e+03 1.046302111223038992e+04
2.378180044356437065e+03 2.142905641870936961e+03 1.273799723106159945e+04
2.617596234671086222e+03 1.871977984402024958e+03 1.251498912962352915e+04
2.811571913970210971e+03 2.236954248099826145e+03 1.218498921100516964e+04
2.222662565229812117e+03 2.018068622286002892e+03 1.226999427533739072e+04
2.363332420462276787e+03 2.116171066946857991e+03 1.267801166598589043e+04
2.429333996476165794e+03 2.188776713956833191e+03 1.170196227397501934e+04
2.212243968717695225e+03 2.070148566790638142e+03 1.076998099933752019e+04
1.659392218393807070e+03 5.452882442101849847e+03 1.036204885875649961e+04
1.643207262321697044e+03 5.381794127185223260e+03 1.050101397984857977e+04
1.735316695447271968e+03 5.641056201664200671e+03 9.383964903098356444e+03
1.600170632379067911e+03 5.338165106199277943e+03 1.054096203368924034e+04
1.285356175589643044e+03 5.696799700236280842e+03 1.066902207670995995e+04
1.388485103378802933e+03 5.639896813205877152e+03 1.100995074087565081e+04
1.316430208537035014e+03 5.671863778781764267e+03 1.074403805297658073e+04
1.278525427820957930e+03 5.675758837651130307e+03 1.179104270825511958e+04
1.119589251465981079e+03 5.606078447637835779e+03 1.115403339087783934e+04
1.229688418204317031e+03 5.555129576579366585e+03 1.104295817651381913e+04
1.678579746301717023e+03 2.238100686373647022e+03 1.138498597232147040e+04
2.453180547719231981e+03 3.634018364815764016e+03 1.040999221442380076e+04
2.900644743033009036e+03 3.960809059994225208e+03 8.874009908597621688e+03
2.886492577910769796e+03 4.274852796241898432e+03 1.212901340356812034e+04
2.865265408400126034e+03 3.984121238321247802e+03 1.025701172002902968e+04
2.904387322187906193e+03 4.156965896354453434e+03 9.476982908227077132e+03
3.003342367904318053e+03 4.381063209063067916e+03 9.937987245410356991e+03
2.901122107491728002e+03 4.352809138091261048e+03 1.018995331942688063e+04
3.041310192550712145e+03 4.753976108787924204e+03 9.882001495184942542e+03
2.823350194973150792e+03 4.774051947685590676e+03 1.018198692059907989e+04
3.186252667040671895e+03 4.739143781174141623e+03 1.038804179111827034e+04
2.805627898060371081e+03 4.784939601677540850e+03 1.001398648182961915e+04
2.762549351240667875e+03 4.822196658468725218e+03 9.980977108583756490e+03
2.806136861320864227e+03 5.094124471583705599e+03 9.774046036729318075e+03
