 x(m) y(m) z(m) time(s) chi2
        2721.128682376276        2078.913720052513        8650.981764077358        78589.94455319000        1.500000000000000
        2704.226298023501        2084.023860542878        8743.987277508226        78589.94474967700       0.9100000262260437
        2708.458639429805        2141.237646143502        8775.966498006583        78589.94493533199        1.230000019073486
        2740.198547224015        2080.199818246140        8679.973203261239        78589.94504370001       0.6600000262260437
        2710.565663618553        2092.067751708465        8717.981950149286        78589.94512068400        1.740000009536743
        2710.599821890574        2103.113432070065        8805.978307750136        78589.94529690500       0.7400000095367432
        2790.370447862632        2096.785716352844        8821.045690640069        78589.94543958500        1.159999966621399
        2827.096181958019        2045.954097060679        8834.046103220360        78589.94574391200        1.549999952316284
        2843.546137112692        1959.226521901493        9258.966551210444        78589.94625485200       0.5899999737739563
        2868.237979327129        1927.011905913671        9202.965349593836        78589.94718174099        1.039999961853027
        2924.749267866084        1982.153736645334        9323.022443497250        78589.94743755100       0.6499999761581421
        2817.403760900766        2068.977185875160        9280.043005393476        78589.94765386100        3.140000104904175
        2924.751554411912        1994.022966125956        9336.018736956492        78589.94779455800       0.4900000095367432
        2953.099258242434        1942.819757473363        9541.021574681046        78589.94881253300        1.690000057220459
        2765.663071769126        2090.843380236435        8811.958770221618        78589.97349823100        1.649999976158142
        2160.486456191819        2154.852848780778        8105.970280428006        78589.98240160300       0.5099999904632568
        1547.490187065610        2376.207867745899        6684.969007729615        78589.98788748401      0.05000000074505806
        1561.015793965994        2287.835714159532        7112.998152030248        78589.98853432501        0.000000000000000
        1569.605913098622        2229.115965847683        7571.016933933959        78589.98905306500       0.2500000000000000
        1556.209134472885        2241.843011199499        7628.015743237661        78589.98919041200       0.5799999833106995
        1565.258388943775        2242.935662059646        7118.013101798540        78589.98941642400       0.1400000005960464
        1642.438046255826        2219.153436916239        8123.002169758381        78589.98956764401        2.000000000000000
        1564.670844843843        2265.987775960325        7616.005123945720        78589.98972951800       0.4799999892711639
        1414.298523770276        2112.065554315250        7264.992989298813        78589.99035032799      0.01999999955296516
        1694.553902852028        2013.926594713629        7563.956682529147        78589.99079324100        1.950000047683716
        2374.455498365529        2049.912262777144        8353.028698747730        78589.99591958200       0.6700000166893005
        2068.623025022753        2106.831670291234        7727.016705123816        78590.00022204799        1.179999947547913
        1677.665959200086        1897.032167609077        7673.997070120321        78590.00821874900       0.2800000011920929
        2945.472884744618        2175.948066383677        8468.049095808175        78590.00890541400       0.9300000071525574
        2201.464813813537        2043.028213636464        8155.993190448974        78590.01091283800       0.6999999880790710
        1218.159466086908        1810.851205238981        7285.026138534082        78590.01137443000       0.1099999994039536
        2315.112626730121        2049.001571490451        8201.951129732661        78590.01281176000       0.8199999928474426
        1671.296728627501        1936.841570503490        7633.986742269597        78590.01405145900       0.4199999868869781
        1648.351099774223        1891.928920598676        6201.006101677178        78590.01440467300       0.8100000023841858
        1827.415992328035        2031.954501989556        8223.014019829756        78590.01451650501       0.7699999809265137
        2618.371794463587        2106.101419876645        7670.015109048997        78590.01508842800       0.4199999868869781
        836.3630452166763        1796.816248994315        7234.991375075052        78590.01527270400       0.1899999976158142
        1609.359804836620        1947.205111259315        8309.999525581667        78590.01595525500       0.2700000107288361
        2110.396020285190        2073.073991080097        8111.014179908309        78590.01619350399        1.200000047683716
        1981.246917275165        2003.134701514019        8094.977810320913        78590.02121295599       0.6100000143051147
        1220.367477574972        1825.817620976134        7771.021469091384        78590.02193870800       0.8999999761581421
        1948.724021162704        2070.870229940192        7954.966110191122        78590.02210038500       0.4099999964237213
        1572.433408183822        2230.818001677736        7591.015644372635        78590.02364975400       0.3499999940395355
        1531.142399223392        2365.852243906076        6181.976755041243        78590.02406497300        2.319999933242798
        1553.497725799877        2186.066318750005        8049.035847071135        78590.02451886200        2.170000076293945
        2244.500490826018        2131.166364406109        8165.048929043069        78590.02523047000       0.7400000095367432
        1942.415207959942        2045.912907716507        8079.976115564265        78590.02684903900       0.4199999868869781
        1819.614002522194        2018.773490086905        8080.020915685004        78590.03186329499       0.4300000071525574
        468.0182691604437        1426.179058484031        7469.023228652830        78590.03397449100        1.840000033378601
        444.0718571425450        1448.796133936475        8197.019848051159        78590.03437796800        1.179999947547913
        945.0358746645103        1567.177614625281        7037.036930435500        78590.03449457500       0.5600000023841858
        523.0873573665189        1469.878149096189        7738.009022713870        78590.03473318000       0.5400000214576721
        1972.042093475072        2037.003328318910        8021.969897649061        78590.03585390600        1.059999942779541
        2141.422582237044        2056.103258401822        8016.009358067236        78590.03595243000        1.940000057220459
        472.2394840550663        1462.999364970675        7313.014554131316        78590.03614989600        2.680000066757202
        1089.519706704906        1736.792082894954        6062.969845039443        78590.03736853300       0.7099999785423279
        488.5522184485301        1481.888228766692        8381.008989001260        78590.03812582600        1.850000023841858
        2410.419900805686        1995.226948243903        8231.032606088607        78590.04037562700        2.420000076293945
        1828.592528315949        1971.948410051726        7361.032972622201        78590.04087442200       0.1500000059604645
        651.4858458513182        1643.049370386179        7313.954851361907        78590.04117277300        4.929999828338623
        2462.694661493320        2085.119465629573        8408.983886023159        78590.04168760600       0.6499999761581421
        521.6326805944708        1760.833640735355        7406.034874352913        78590.04191388399        1.610000014305115
        1173.070340222834        1841.896541793389        7723.025686542890        78590.04281281600       0.3199999928474426
        1126.241046235079        2776.119156004116        6938.995308616183        78590.04310134800        1.649999976158142
        979.6004182446212        1473.103937728096        6875.954587631899        78590.04328062500       0.5500000119209290
        656.4002331677718        1812.883269750364        7178.007828535611        78590.04410458200        1.500000000000000
        617.4991847999830        1775.766764959757        6248.022131742724        78590.04435410300       0.9800000190734863
        616.1942405035103        1829.037643515782        7386.007217057690        78590.04518253601        1.519999980926514
        1575.081521284957        3089.898762117386        7460.955595785853        78590.04584388700       0.1899999976158142
        701.5576146223608        2017.089736958222        7247.041671660871        78590.04635223599        1.139999985694885
        687.4703002070481        1982.845470580158        7470.953880829485        78590.04716046300        4.710000038146973
        645.1257000954544        2026.058114196364        7487.044780105124        78590.04728649399        1.549999952316284
        1104.323167384744        3012.862120123186        6842.991025598481        78590.04790142400       0.3899999856948853
        545.6416680267687        1362.179271604168        7303.031092838616        78590.04894069600        3.589999914169312
        1874.660240582107        2031.067851254502        8071.001097815694        78590.04990998001       0.4799999892711639
        1977.714747418961        2040.845747555034        8109.966922820572        78590.05007240199       0.1800000071525574
        1072.539950289205        3133.950909254100        6732.038026015492        78590.05065761101       0.8999999761581421
        550.5717882055062        1537.982409352658        7303.990603803644        78590.05152947600        1.720000028610229
        1091.710887124003        3052.091017828277        7384.974564514127        78590.05222546701       0.7200000286102295
        1306.303638994136        824.9698056888667        6278.013204237348        78590.06067323701       0.1000000014901161
        621.1414526007230        1751.096471772090        7407.028666737679        78590.06237023300       0.5199999809265137
        2355.162958052149        1964.106748351315        7655.963206674856        78590.06291426800      0.02999999932944775
        1415.481332629339        2737.911951002868        6654.954322828232        78590.06389670599      0.09000000357627869
        2021.263439117281        1976.236498351009        7401.973625727354        78590.06507121300       0.2599999904632568
        722.7432653573622        1501.921751523698        7030.982060500474        78590.06632934300       0.3899999856948853
        2358.188582686051        2049.879221619927        8263.034719514077        78590.06780306299       0.7400000095367432
        1069.171572562398        1470.923543709502        6564.040333361538        78590.06862393000        4.309999942779541
        809.5261153106038        1418.008858366107        6821.990907044334        78590.06902548100        1.559999942779541
        841.2910071058280        1411.247955677575        6883.988310309943        78590.06912485400        1.279999971389771
        864.5631780063791        1492.141509278604        6820.966744759287        78590.06965900600        2.750000000000000
        907.3979151176416        3143.108199550258        6439.958950681539        78590.07085391400       0.7300000190734863
        945.0543571242576        1429.090178236806        7068.969834465645        78590.07104059400        2.160000085830688
        1910.629184317335        2080.203363978564        8016.974571097232        78590.07330255900       0.7500000000000000
        2252.491415903359        1987.934349659917        6710.992704758881        78590.07383711801        1.759999990463257
        2259.361362441245        2037.128579487922        8212.974889057117        78590.07396362899       0.8600000143051147
        1158.714481118347        2762.177783591700        7015.995580641609        78590.07415165201       0.2899999916553497
        2053.744747352792        1991.938984785083        7469.958382771556        78590.07431919999      0.02999999932944775
        2049.017660129308        1984.094375844302        8128.962416632601        78590.07447719800       0.3799999952316284
        1036.537897975096        3233.040618103118        6682.994376103445        78590.07505740700        1.159999966621399
        510.4704623982732        1838.840576548238        9080.013784901932        78590.07623517299        1.440000057220459
        1176.596640376445        1816.045545385489        7692.032467149029        78590.07674656200       0.8199999928474426
        666.2961562563646        1965.040286806476        7434.961644756684        78590.07734971700        1.230000019073486
        1729.136757611293        2141.903344288447        7658.005735070759        78590.07762256000       0.8399999737739563
        913.6556146170067        3613.927479848411        6114.008262066479        78590.07976683301      0.09000000357627869
        934.2163805472479        3605.853648923526        6811.009990581563        78590.08070838000       0.7200000286102295
        2848.497127582117        1957.115397770790        9278.964999959628        78590.08120188701     0.009999999776482582
        1093.710999800335        3106.000215662586        6739.048146280080        78590.08247075501       0.6399999856948853
        1944.399941000769        2025.010160461104        7629.982154724030        78590.08324948300     0.009999999776482582
        1579.319961486031        3100.926625687312        7487.049286696060        78590.08346749800       0.4399999976158142
        1872.305127527200        1988.861309173733        7231.015042345823        78590.08441439499       0.2000000029802322
        1577.204850365382        3083.978925033474        7482.957947510178        78590.08678308100       0.5699999928474426
        1539.651012572522        2904.003314686968        6718.951589695945        78590.08779509600       0.1700000017881393
        1744.397415772918        3434.817151932599        7557.035097162804        78590.08876665200        3.150000095367432
        1095.239465325274        3035.142043650576        7375.982067265576        78590.08931056900       0.8999999761581421
        1936.546868017390        2004.152110702745        7318.991112719465        78590.09001400101      0.07000000029802322
        2496.560283324055        2124.952962794638        8400.957573839627        78590.09040435900       0.8100000023841858
        2796.719727258028        2017.955881487818        8759.968781721513        78590.09197770800        4.380000114440918
        949.0231738248070        3568.106317214791        6723.029076247751        78590.09262790800       0.2500000000000000
        2194.453178115665        2018.067001932611        8274.003578903361        78590.09322058001       0.7099999785423279
        2251.574727933467        2076.940412694491        8174.964762597456        78590.09337908401       0.9200000166893005
        1100.551619413325        3066.840568550794        5464.965704783568        78590.09374896401      0.05000000074505806
        1707.114525096069        1970.119777075656        7000.967007890232        78590.09608364600       0.1299999952316284
        1070.419985785194        3163.177951517899        6732.023917136024        78590.09723828000       0.5299999713897705
        1599.619571473522        3082.814182174061        6819.952843557976        78590.09773368700       0.1599999964237213
        2250.024815883040        1975.961277638809        7713.997413975824        78590.09826547001      0.03999999910593033
        2254.052053365447        1904.175354420921        7078.017814305123        78590.09839885900       0.6700000166893005
        1091.596207399818        3108.971414047720        6752.047058310102        78590.10006731600        1.179999947547913
        2147.109429853711        2056.143631768132        8137.007450697380        78590.10030583400       0.4300000071525574
        1893.284352205872        3355.174181584815        7505.035218637692        78590.10189590701       0.3000000119209290
        1875.366318009765        2031.068309958535        8072.000890672943        78590.10389632700       0.4799999892711639
        2017.247690917215        2031.963924470698        8131.957415218130        78590.10623413000       0.1700000017881393
        2227.495264814853        2107.791781146925        7958.963028847165        78590.10767719100       0.3600000143051147
        2051.142087303898        2039.191664749925        8188.044421638843        78590.11057635100        1.679999947547913
        1549.565413408891        2955.768016868058        6904.025478010264        78590.11355693500      0.07999999821186066
        1603.555160370592        1805.062699269580        7584.042838403023        78590.11479266601       0.7599999904632568
        830.6310383343019        1578.875638974221        6423.950295723697        78590.11557507400       0.6399999856948853
        1548.406875953283        2395.178271923370        7568.961760624920        78590.11673390400       0.3499999940395355
