2.721128682376276174e+03 2.078913720052512872e+03 8.650981764077358093e+03
2.704226298023500931e+03 2.084023860542878083e+03 8.743987277508225816e+03
2.708458639429804862e+03 2.141237646143501934e+03 8.775966498006582697e+03
2.740198547224014874e+03 2.080199818246139785e+03 8.679973203261239178e+03
2.710565663618553117e+03 2.092067751708465039e+03 8.717981950149285694e+03
2.710599821890573821e+03 2.103113432070064846e+03 8.805978307750136082e+03
2.790370447862631863e+03 2.096785716352843792e+03 8.821045690640068642e+03
2.827096181958018860e+03 2.045954097060679032e+03 8.834046103220360237e+03
2.843546137112692122e+03 1.959226521901493015e+03 9.258966551210443868e+03
2.868237979327128869e+03 1.927011905913670944e+03 9.202965349593836436e+03
2.924749267866084210e+03 1.982153736645333993e+03 9.323022443497249697e+03
2.817403760900765974e+03 2.068977185875160103e+03 9.280043005393476051e+03
2.924751554411911911e+03 1.994022966125955918e+03 9.336018736956491921e+03
2.953099258242434189e+03 1.942819757473363097e+03 9.541021574681046332e+03
2.765663071769125963e+03 2.090843380236435223e+03 8.811958770221617669e+03
2.160486456191818888e+03 2.154852848780778004e+03 8.105970280428005935e+03
1.547490187065609916e+03 2.376207867745898966e+03 6.684969007729615441e+03
1.561015793965993907e+03 2.287835714159532017e+03 7.112998152030248093e+03
1.569605913098622068e+03 2.229115965847683128e+03 7.571016933933959081e+03
1.556209134472884898e+03 2.241843011199498960e+03 7.628015743237660899e+03
1.565258388943774889e+03 2.242935662059645892e+03 7.118013101798540447e+03
1.642438046255826066e+03 2.219153436916239116e+03 8.123002169758380660e+03
1.564670844843843042e+03 2.265987775960325052e+03 7.616005123945719788e+03
1.414298523770276006e+03 2.112065554315250210e+03 7.264992989298812972e+03
1.694553902852027932e+03 2.013926594713628901e+03 7.563956682529146747e+03
2.374455498365528911e+03 2.049912262777143951e+03 8.353028698747730232e+03
2.068623025022753154e+03 2.106831670291233877e+03 7.727016705123815882e+03
1.677665959200086036e+03 1.897032167609077078e+03 7.673997070120321041e+03
2.945472884744618113e+03 2.175948066383677087e+03 8.468049095808175480e+03
2.201464813813537148e+03 2.043028213636463988e+03 8.155993190448974019e+03
1.218159466086907969e+03 1.810851205238981038e+03 7.285026138534081838e+03
2.315112626730121065e+03 2.049001571490451170e+03 8.201951129732660775e+03
1.671296728627500897e+03 1.936841570503489947e+03 7.633986742269597016e+03
1.648351099774223030e+03 1.891928920598676086e+03 6.201006101677177867e+03
1.827415992328034918e+03 2.031954501989556093e+03 8.223014019829755853e+03
2.618371794463586866e+03 2.106101419876645195e+03 7.670015109048997147e+03
8.363630452166762552e+02 1.796816248994314947e+03 7.234991375075052019e+03
1.609359804836620015e+03 1.947205111259314890e+03 8.309999525581666603e+03
2.110396020285189934e+03 2.073073991080097130e+03 8.111014179908309416e+03
1.981246917275165060e+03 2.003134701514019071e+03 8.094977810320912795e+03
1.220367477574972099e+03 1.825817620976134094e+03 7.771021469091383551e+03
1.948724021162704048e+03 2.070870229940192075e+03 7.954966110191122425e+03
1.572433408183821939e+03 2.230818001677735992e+03 7.591015644372634597e+03
1.531142399223391976e+03 2.365852243906076183e+03 6.181976755041243450e+03
1.553497725799876889e+03 2.186066318750004939e+03 8.049035847071135322e+03
2.244500490826017995e+03 2.131166364406109096e+03 8.165048929043068711e+03
1.942415207959942109e+03 2.045912907716507107e+03 8.079976115564264546e+03
1.819614002522193914e+03 2.018773490086904985e+03 8.080020915685004184e+03
4.680182691604437082e+02 1.426179058484030975e+03 7.469023228652829857e+03
4.440718571425450136e+02 1.448796133936474916e+03 8.197019848051158988e+03
9.450358746645102883e+02 1.567177614625280967e+03 7.037036930435499926e+03
5.230873573665188587e+02 1.469878149096188963e+03 7.738009022713869854e+03
1.972042093475072079e+03 2.037003328318910008e+03 8.021969897649060840e+03
2.141422582237044026e+03 2.056103258401822131e+03 8.016009358067235553e+03
4.722394840550663275e+02 1.462999364970675060e+03 7.313014554131315890e+03
1.089519706704905957e+03 1.736792082894954092e+03 6.062969845039442589e+03
4.885522184485300841e+02 1.481888228766692009e+03 8.381008989001260488e+03
2.410419900805686211e+03 1.995226948243903053e+03 8.231032606088607281e+03
1.828592528315949039e+03 1.971948410051725887e+03 7.361032972622200759e+03
6.514858458513182313e+02 1.643049370386178907e+03 7.313954851361906549e+03
2.462694661493319927e+03 2.085119465629572915e+03 8.408983886023159357e+03
5.216326805944707985e+02 1.760833640735354948e+03 7.406034874352912993e+03
1.173070340222833920e+03 1.841896541793388906e+03 7.723025686542890071e+03
1.126241046235079011e+03 2.776119156004116121e+03 6.938995308616183138e+03
9.796004182446212099e+02 1.473103937728096071e+03 6.875954587631898903e+03
6.564002331677718303e+02 1.812883269750363979e+03 7.178007828535611225e+03
6.174991847999830270e+02 1.775766764959756983e+03 6.248022131742724014e+03
6.161942405035102865e+02 1.829037643515782065e+03 7.386007217057689559e+03
1.575081521284957034e+03 3.089898762117386013e+03 7.460955595785852893e+03
7.015576146223608021e+02 2.017089736958221920e+03 7.247041671660870634e+03
6.874703002070481261e+02 1.982845470580158008e+03 7.470953880829484660e+03
6.451257000954543628e+02 2.026058114196363931e+03 7.487044780105124119e+03
1.104323167384744011e+03 3.012862120123185832e+03 6.842991025598481428e+03
5.456416680267686843e+02 1.362179271604167980e+03 7.303031092838616132e+03
1.874660240582107008e+03 2.031067851254502102e+03 8.071001097815694266e+03
1.977714747418960997e+03 2.040845747555033995e+03 8.109966922820572108e+03
1.072539950289205080e+03 3.133950909254100225e+03 6.732038026015491596e+03
5.505717882055062091e+02 1.537982409352657896e+03 7.303990603803644262e+03
1.091710887124002966e+03 3.052091017828277018e+03 7.384974564514127451e+03
1.306303638994136008e+03 8.249698056888666997e+02 6.278013204237347963e+03
6.211414526007230279e+02 1.751096471772089899e+03 7.407028666737678577e+03
2.355162958052148952e+03 1.964106748351314991e+03 7.655963206674856337e+03
1.415481332629339022e+03 2.737911951002868136e+03 6.654954322828231852e+03
2.021263439117280996e+03 1.976236498351009004e+03 7.401973625727354374e+03
7.227432653573622474e+02 1.501921751523698049e+03 7.030982060500474290e+03
2.358188582686051177e+03 2.049879221619927193e+03 8.263034719514076642e+03
1.069171572562398069e+03 1.470923543709501928e+03 6.564040333361537705e+03
8.095261153106038137e+02 1.418008858366107006e+03 6.821990907044333653e+03
8.412910071058280437e+02 1.411247955677574964e+03 6.883988310309942790e+03
8.645631780063790757e+02 1.492141509278603962e+03 6.820966744759287394e+03
9.073979151176415598e+02 3.143108199550258178e+03 6.439958950681539136e+03
9.450543571242576490e+02 1.429090178236805968e+03 7.068969834465645363e+03
1.910629184317335103e+03 2.080203363978564084e+03 8.016974571097232001e+03
2.252491415903359211e+03 1.987934349659916961e+03 6.710992704758880791e+03
2.259361362441245092e+03 2.037128579487922025e+03 8.212974889057117252e+03
1.158714481118347067e+03 2.762177783591700063e+03 7.015995580641609195e+03
2.053744747352791819e+03 1.991938984785082994e+03 7.469958382771555989e+03
2.049017660129307842e+03 1.984094375844302022e+03 8.128962416632601162e+03
1.036537897975096030e+03 3.233040618103118049e+03 6.682994376103444665e+03
5.104704623982731846e+02 1.838840576548238005e+03 9.080013784901932013e+03
1.176596640376445066e+03 1.816045545385489049e+03 7.692032467149028889e+03
6.662961562563646112e+02 1.965040286806475933e+03 7.434961644756684109e+03
1.729136757611292978e+03 2.141903344288446988e+03 7.658005735070759329e+03
9.136556146170066768e+02 3.613927479848411167e+03 6.114008262066478892e+03
9.342163805472479226e+02 3.605853648923526180e+03 6.811009990581563216e+03
2.848497127582117173e+03 1.957115397770789968e+03 9.278964999959627676e+03
1.093710999800335003e+03 3.106000215662586015e+03 6.739048146280079891e+03
1.944399941000769104e+03 2.025010160461104078e+03 7.629982154724029897e+03
1.579319961486030934e+03 3.100926625687312026e+03 7.487049286696060335e+03
1.872305127527200057e+03 1.988861309173732934e+03 7.231015042345822621e+03
1.577204850365382072e+03 3.083978925033473843e+03 7.482957947510178201e+03
1.539651012572521950e+03 2.904003314686968224e+03 6.718951589695944676e+03
1.744397415772918066e+03 3.434817151932598790e+03 7.557035097162804050e+03
1.095239465325274068e+03 3.035142043650575943e+03 7.375982067265576006e+03
1.936546868017389897e+03 2.004152110702744949e+03 7.318991112719464581e+03
2.496560283324055035e+03 2.124952962794638097e+03 8.400957573839627003e+03
2.796719727258027888e+03 2.017955881487818033e+03 8.759968781721512642e+03
9.490231738248070315e+02 3.568106317214791034e+03 6.723029076247750709e+03
2.194453178115665196e+03 2.018067001932610992e+03 8.274003578903360903e+03
2.251574727933466875e+03 2.076940412694490988e+03 8.174964762597455774e+03
1.100551619413324943e+03 3.066840568550794160e+03 5.464965704783568071e+03
1.707114525096068974e+03 1.970119777075655975e+03 7.000967007890231798e+03
1.070419985785194058e+03 3.163177951517899146e+03 6.732023917136023556e+03
1.599619571473522001e+03 3.082814182174060988e+03 6.819952843557975939e+03
2.250024815883039992e+03 1.975961277638808951e+03 7.713997413975824202e+03
2.254052053365447136e+03 1.904175354420920939e+03 7.078017814305122556e+03
1.091596207399818013e+03 3.108971414047719918e+03 6.752047058310102329e+03
2.147109429853710935e+03 2.056143631768131854e+03 8.137007450697379682e+03
1.893284352205871983e+03 3.355174181584814960e+03 7.505035218637692196e+03
1.875366318009765109e+03 2.031068309958535110e+03 8.072000890672942660e+03
2.017247690917215095e+03 2.031963924470697975e+03 8.131957415218130336e+03
2.227495264814852817e+03 2.107791781146925132e+03 7.958963028847165333e+03
2.051142087303897824e+03 2.039191664749924939e+03 8.188044421638843232e+03
1.549565413408890890e+03 2.955768016868058112e+03 6.904025478010264123e+03
1.603555160370591921e+03 1.805062699269579980e+03 7.584042838403022870e+03
8.306310383343019339e+02 1.578875638974220919e+03 6.423950295723697309e+03
1.548406875953282906e+03 2.395178271923370176e+03 7.568961760624920316e+03
