 x(m) y(m) z(m) time(s) chi2
       -2564.454403283090        2792.849808322739        9676.972661941476        71215.88229042701        1.889999985694885
       -2789.343513245076        2396.933822827517        10353.04003615607        71215.88251599600        1.399999976158142
       -2514.463930992737        2942.204719259541        10105.02589345781        71215.88378357400        1.149999976158142
       -2262.397699314364        3040.011322480432        10042.97348148664        71215.88418784400        1.190000057220459
       -2619.962254132828        2527.941353834741        10589.96142290928        71215.88462600901       0.4000000059604645
       -2469.339749849233        2996.949803095528        10287.01797139202        71215.88470667100        1.509999990463257
       -2336.338397449860        3071.161171289697        9567.032440972860        71215.88507298401        1.860000014305115
       -2446.732941146908        3053.733966344247        10282.99967261943        71215.88530474900        1.000000000000000
       -2534.314853607540        2949.091905593452        10323.01491077779        71215.88542997801        1.539999961853027
       -2434.649310492124        2989.188120979593        10023.03487352068        71215.88561275200        1.840000033378601
       -2391.733417053530        3066.946034158446        10465.01416067854        71215.88578549599        1.480000019073486
       -1996.439665120743        2963.057963276870        10555.99880010644        71215.88727521700       0.9900000095367432
       -1772.729994823524        3215.869236349937        11047.04172119058        71215.88778126999       0.6800000071525574
       -2077.685876315836        3122.154096108624        10839.99653979059        71215.88838072200        1.950000047683716
       -1975.964393594194        2946.940415916589        10540.01263819692        71215.88850392299        1.070000052452087
       -2109.448306801609        3097.133580861294        10798.99835707244        71215.88926115401        1.159999966621399
       -1768.507435309956        3033.144710657125        10973.03294691644        71215.88937346800       0.5600000023841858
       -1851.696789211016        3400.983610609912        10799.02368880546        71215.88948310001       0.2300000041723251
       -2113.682791097237        3058.125015427494        10768.01581184740        71215.88969840700        1.399999976158142
       -1791.714885329601        3462.929401635623        10936.00740496975        71215.88981343400       0.8500000238418579
       -1727.560494792964        3502.960966363676        11300.00322299712        71215.88990518999       0.1299999952316284
       -2136.353266792180        3079.867009520775        11016.99784091829        71215.89014349900        1.389999985694885
       -2142.734773329763        2928.113636254423        10995.96769840076        71215.89029536401        1.370000004768372
       -2059.793125718247        3492.749590018996        10337.00988478514        71215.89044086001      0.05000000074505806
       -1839.761395742424        3029.251163210019        10779.01467134825        71215.89071977300        3.589999914169312
       -1614.598694528681        2944.088241124276        10936.01584464420        71215.89094813500        1.389999985694885
       -1578.537016648593        2963.060161194190        10730.01601630307        71215.89106374100        3.180000066757202
       -1696.480588530778        3073.814497937250        10956.03294859998        71215.89113183500       0.4399999976158142
       -1556.691507141340        2981.790246053632        10910.01265058706        71215.89143906100        1.529999971389771
       -1765.640678528476        3061.902149181471        10838.01995223295        71215.89176880500        1.070000052452087
       -1649.853394172773        3043.223421312939        10820.96021378785        71215.89186781700       0.2500000000000000
       -1509.367331360119        2902.032713133193        10769.96024619380        71215.89193412900       0.4499999880790710
       -1420.458103906503        2713.020387064663        10862.96436837181        71215.89310020600       0.3100000023841858
       -1172.534051940586        3210.057407743515        10633.98356952153        71215.89337910000        1.480000019073486
       -1440.966850834323        2688.071554612058        10994.97037894109        71215.89406175401       0.6399999856948853
       -1394.376429538054        2629.996422933737        10999.00496260311        71215.89568528000       0.1299999952316284
       -1451.421210919310        2739.117187911589        10428.04579970740        71215.89594541000        1.429999947547913
       -1375.310368485825        2621.085422803815        10982.01276397894        71215.89661179901       0.1199999973177910
       -1434.542134168828        2785.875905048566        10748.02935551566        71215.89835556700        1.919999957084656
       -1383.777676306219        2524.833289621950        10892.04982869580        71215.89877280500       0.9399999976158142
       -1304.640322431015        2681.997626696416        10710.00217065398        71215.89908433201       0.4099999964237213
       -1546.876197796997        2529.944404957517        10891.01043186621        71215.89952146501        2.849999904632568
       -1254.544177900758        2693.930556990705        10880.00717371189        71215.90030809501        1.649999976158142
       -2056.390418969142        3623.985467281356        10820.03830955862        71215.90128627500        1.509999990463257
       -1164.882937993661        2607.018436446438        10856.95972870284        71215.90141800900       0.3000000119209290
       -1134.516079732354        2475.145527150964        10730.01781301972        71215.90266218501       0.2300000041723251
       -1138.793481781745        2671.116897544956        11093.03846629122        71215.90305564800        1.269999980926514
       -1198.813907890128        2542.241456108614        11029.97967258364        71215.90362009300        1.279999971389771
       -1214.294143565441        2618.021544015790        10800.04660301750        71215.90373332299       0.3700000047683716
       -1114.781635725054        2535.001538513349        10969.99775250784        71215.90403377201        1.590000033378601
       -1260.902020923740        2662.140251700996        10876.01929595551        71215.90426085600        4.579999923706055
       -1012.939355953713        2518.033726286231        9894.021328797260        71215.90443387700       0.1299999952316284
       -979.8781319487807        2601.856465245936        10722.99284795755        71215.90464102299       0.2300000041723251
       -938.9324950923274        2623.062912423552        10766.99029197390        71215.90485156800        1.279999971389771
       -1182.458906641478        2609.821587141908        10451.95531385392        71215.90501076099       0.9300000071525574
       -1182.542770110187        2609.159582725918        10904.95561550950        71215.90528490300       0.2500000000000000
       -2086.859985355491        3089.926455086750        10806.00927079148        71215.91513699300       0.5699999928474426
       -1263.726575176204        2663.837320289259        10879.01802891659        71215.91611693200        1.100000023841858
       -2159.583845032053        3117.933811242474        10839.97147851540        71215.92626954400       0.3799999952316284
       -2391.647292943823        3073.194410162665        10239.01113732635        71215.92657840101       0.8399999737739563
       -2361.591953599233        2937.898437742689        10960.98572749858        71215.92839659601        1.730000019073486
       -2413.930864090048        3042.756898250044        11276.01757899746        71215.93100674600       0.2899999916553497
       -2423.784716200636        2874.812376181253        11080.99128179527        71215.93136151700       0.7400000095367432
       -2271.327423062428        3008.828222508823        11312.98535412072        71215.93231351901        1.690000057220459
       -2491.562991191547        2781.971124111889        11011.00647158382        71215.93283853000        1.070000052452087
       -2390.461355895054        2927.209737277798        10744.97988821251        71215.93318333200        1.009999990463257
       -2387.794858170714        3072.840904625113        11265.01293859713        71215.93385725500       0.4699999988079071
       -2397.002749163330        3088.145782996697        11353.00210575057        71215.93486636700       0.2300000041723251
       -2453.472012787368        3074.994954577107        11301.98704976248        71215.93634871200       0.7599999904632568
       -2379.346635481344        3122.058048916981        11363.99216092240        71215.93671074600       0.7300000190734863
       -2248.770334539954        2939.756227143921        11372.02560251095        71215.93712291001       0.3499999940395355
       -2245.290307572668        3039.894792272767        11582.97983703750        71215.93752904001        1.279999971389771
       -2382.902605931694        3189.091003097168        11477.95763551792        71215.93780480900        1.019999980926514
       -2341.936809614233        3024.113455369578        11329.95265140550        71215.93804831100        1.500000000000000
       -2311.576672622239        3036.827952665513        11340.95764567671        71215.93883052000        1.120000004768372
       -2122.498419565370        2928.864102098942        11715.97421660989        71215.93903869799        3.309999942779541
       -2332.723270231738        3113.111003132809        11295.01370287080        71215.93912776100        1.889999985694885
       -2131.733980095605        2839.892083086861        11824.01146766560        71215.94212385701        1.169999957084656
       -2742.893163744143        3314.152466775520        11312.04928972428        71215.94237255500        2.000000000000000
       -2532.517975499172        2860.896745656770        9291.955099622437        71215.95204232800        1.279999971389771
       -2707.819742040814        2543.097163857707        11333.01852630368        71215.95547101100        1.500000000000000
       -2513.776933643080        2642.084352470092        9950.957587369596        71215.96633271700        1.919999957084656
       -2573.719309316506        2775.143796715663        9883.976720461191        71215.96728090300        1.769999980926514
       -2574.919500135651        3158.990755417467        11369.99781174800        71215.96903331199       0.8399999737739563
       -2460.639991898597        2799.086577638935        11395.01100664655        71215.96941894801       0.7400000095367432
