-2.564454403283089960e+03 2.792849808322739136e+03 9.676972661941475963e+03
-2.789343513245075883e+03 2.396933822827516906e+03 1.035304003615606962e+04
-2.514463930992737005e+03 2.942204719259540980e+03 1.010502589345781053e+04
-2.262397699314364218e+03 3.040011322480432227e+03 1.004297348148664059e+04
-2.619962254132828093e+03 2.527941353834741221e+03 1.058996142290928037e+04
-2.469339749849233158e+03 2.996949803095527841e+03 1.028701797139202063e+04
-2.336338397449860167e+03 3.071161171289696995e+03 9.567032440972860059e+03
-2.446732941146908161e+03 3.053733966344247165e+03 1.028299967261942948e+04
-2.534314853607540044e+03 2.949091905593451884e+03 1.032301491077779065e+04
-2.434649310492124187e+03 2.989188120979592895e+03 1.002303487352068078e+04
-2.391733417053530047e+03 3.066946034158445855e+03 1.046501416067854007e+04
-1.996439665120743030e+03 2.963057963276869941e+03 1.055599880010643938e+04
-1.772729994823524066e+03 3.215869236349937182e+03 1.104704172119058057e+04
-2.077685876315836140e+03 3.122154096108623889e+03 1.083999653979059076e+04
-1.975964393594194007e+03 2.946940415916588790e+03 1.054001263819692031e+04
-2.109448306801608851e+03 3.097133580861293922e+03 1.079899835707243983e+04
-1.768507435309956008e+03 3.033144710657124961e+03 1.097303294691644078e+04
-1.851696789211016039e+03 3.400983610609911921e+03 1.079902368880546055e+04
-2.113682791097236986e+03 3.058125015427493963e+03 1.076801581184739916e+04
-1.791714885329600975e+03 3.462929401635622980e+03 1.093600740496975050e+04
-1.727560494792963937e+03 3.502960966363676107e+03 1.130000322299712025e+04
-2.136353266792179966e+03 3.079867009520774900e+03 1.101699784091828951e+04
-2.142734773329762902e+03 2.928113636254423000e+03 1.099596769840076013e+04
-2.059793125718247211e+03 3.492749590018996059e+03 1.033700988478514046e+04
-1.839761395742423929e+03 3.029251163210019058e+03 1.077901467134824998e+04
-1.614598694528681108e+03 2.944088241124276010e+03 1.093601584464420011e+04
-1.578537016648592953e+03 2.963060161194190187e+03 1.073001601630307050e+04
-1.696480588530778050e+03 3.073814497937250053e+03 1.095603294859997914e+04
-1.556691507141340026e+03 2.981790246053632018e+03 1.091001265058705940e+04
-1.765640678528475974e+03 3.061902149181471032e+03 1.083801995223294944e+04
-1.649853394172773051e+03 3.043223421312939081e+03 1.082096021378785008e+04
-1.509367331360118897e+03 2.902032713133192829e+03 1.076996024619379932e+04
-1.420458103906503084e+03 2.713020387064662827e+03 1.086296436837180954e+04
-1.172534051940586096e+03 3.210057407743514887e+03 1.063398356952152972e+04
-1.440966850834322940e+03 2.688071554612058208e+03 1.099497037894109053e+04
-1.394376429538054026e+03 2.629996422933736994e+03 1.099900496260311047e+04
-1.451421210919309942e+03 2.739117187911589099e+03 1.042804579970740087e+04
-1.375310368485824938e+03 2.621085422803815163e+03 1.098201276397894071e+04
-1.434542134168827943e+03 2.785875905048565983e+03 1.074802935551566043e+04
-1.383777676306219064e+03 2.524833289621949916e+03 1.089204982869580090e+04
-1.304640322431014965e+03 2.681997626696415864e+03 1.071000217065397919e+04
-1.546876197796997076e+03 2.529944404957516781e+03 1.089101043186621064e+04
-1.254544177900758086e+03 2.693930556990705099e+03 1.088000717371189057e+04
-2.056390418969142047e+03 3.623985467281355795e+03 1.082003830955862031e+04
-1.164882937993661017e+03 2.607018436446438045e+03 1.085695972870283913e+04
-1.134516079732354001e+03 2.475145527150963972e+03 1.073001781301972005e+04
-1.138793481781744958e+03 2.671116897544955918e+03 1.109303846629122017e+04
-1.198813907890127894e+03 2.542241456108613875e+03 1.102997967258364042e+04
-1.214294143565440891e+03 2.618021544015789914e+03 1.080004660301749936e+04
-1.114781635725054002e+03 2.535001538513348805e+03 1.096999775250783932e+04
-1.260902020923740110e+03 2.662140251700996032e+03 1.087601929595550973e+04
-1.012939355953712948e+03 2.518033726286230831e+03 9.894021328797260139e+03
-9.798781319487807195e+02 2.601856465245935851e+03 1.072299284795755011e+04
-9.389324950923273718e+02 2.623062912423552007e+03 1.076699029197389973e+04
-1.182458906641478052e+03 2.609821587141907912e+03 1.045195531385391951e+04
-1.182542770110186893e+03 2.609159582725917971e+03 1.090495561550949969e+04
-2.086859985355491062e+03 3.089926455086750138e+03 1.080600927079147914e+04
-1.263726575176204051e+03 2.663837320289258969e+03 1.087901802891658917e+04
-2.159583845032052977e+03 3.117933811242473894e+03 1.083997147851539921e+04
-2.391647292943822777e+03 3.073194410162665008e+03 1.023901113732634985e+04
-2.361591953599232966e+03 2.937898437742689111e+03 1.096098572749858067e+04
-2.413930864090048090e+03 3.042756898250043832e+03 1.127601757899746008e+04
-2.423784716200636012e+03 2.874812376181253057e+03 1.108099128179526997e+04
-2.271327423062427897e+03 3.008828222508822819e+03 1.131298535412071942e+04
-2.491562991191547098e+03 2.781971124111888912e+03 1.101100647158381980e+04
-2.390461355895054112e+03 2.927209737277798013e+03 1.074497988821251056e+04
-2.387794858170714178e+03 3.072840904625113126e+03 1.126501293859713041e+04
-2.397002749163330009e+03 3.088145782996697108e+03 1.135300210575056917e+04
-2.453472012787367930e+03 3.074994954577106910e+03 1.130198704976247973e+04
-2.379346635481344038e+03 3.122058048916981079e+03 1.136399216092240022e+04
-2.248770334539954092e+03 2.939756227143921024e+03 1.137202560251095019e+04
-2.245290307572668098e+03 3.039894792272767063e+03 1.158297983703749924e+04
-2.382902605931693870e+03 3.189091003097168141e+03 1.147795763551791970e+04
-2.341936809614232970e+03 3.024113455369577878e+03 1.132995265140549964e+04
-2.311576672622239130e+03 3.036827952665512839e+03 1.134095764567670994e+04
-2.122498419565370114e+03 2.928864102098942112e+03 1.171597421660988948e+04
-2.332723270231737843e+03 3.113111003132808946e+03 1.129501370287079953e+04
-2.131733980095605148e+03 2.839892083086861021e+03 1.182401146766559941e+04
-2.742893163744142839e+03 3.314152466775520224e+03 1.131204928972428024e+04
-2.532517975499171826e+03 2.860896745656769781e+03 9.291955099622437046e+03
-2.707819742040814162e+03 2.543097163857707073e+03 1.133301852630368012e+04
-2.513776933643080156e+03 2.642084352470092199e+03 9.950957587369595785e+03
-2.573719309316506042e+03 2.775143796715663029e+03 9.883976720461190780e+03
-2.574919500135651106e+03 3.158990755417466971e+03 1.136999781174800046e+04
-2.460639991898597145e+03 2.799086577638935069e+03 1.139501100664654950e+04
