 x(m) y(m) z(m) time(s) chi2
       -2244.733501191192        2861.031152646747        7866.962704544018        71215.90724491500       0.3499999940395355
       -2346.367778945008        2914.893954422986        7940.001873275114        71215.90737704300       0.4799999892711639
       -2506.752915483473        2996.109065278391        8480.003472330496        71215.90753927801        1.009999990463257
       -2384.517161393543        3073.882859979615        8158.013080081596        71215.90838000100       0.6399999856948853
       -2249.667822812875        2782.201550078521        7797.995914095751        71215.91181058199        1.179999947547913
       -2485.597908236493        3013.078483911539        8537.003730860601        71215.91291956700       0.6499999761581421
       -2252.501081799278        2853.834823533928        7875.963205309139        71215.91330258900       0.6399999856948853
       -2435.338349126534        3103.151546256683        8202.979725464120        71215.91353930499       0.9100000262260437
       -2389.481417217796        3048.910058416079        8206.023249422258        71215.91471064300       0.6000000238418579
       -2395.622552440848        3222.820105369439        7762.034772506020        71215.91766534900        1.350000023841858
       -2383.615525987017        3037.183789329833        7608.030936971114        71215.91795987800       0.4799999892711639
       -2247.336489588061        3048.050208802531        7367.974964072172        71215.91825357699       0.7500000000000000
       -2427.831092426409        2824.158546331678        8688.012010638429        71215.91846810099        1.309999942779541
       -2326.344413835813        3392.991735669153        7537.971847948932        71215.91935904200       0.5600000023841858
       -2189.533969540556        3132.875135894440        7597.953865525025        71215.91952994400      0.09000000357627869
       -2199.401370056363        3118.028410432207        7553.957762855064        71215.91960447701       0.1000000014901161
       -2180.500594459603        2807.177044614814        7789.008910410033        71215.92012549800       0.9499999880790710
       -2396.501802193085        3090.822346455566        8136.000389453713        71215.92035939600       0.6700000166893005
       -1921.460492672719        2693.055235220914        7546.041212077453        71215.92054084000       0.4399999976158142
       -2453.548710464910        3022.035979536062        7788.011723582063        71215.92186148099        1.539999961853027
       -2446.321445144654        3426.107171645953        7615.009428996613        71215.92237519800       0.2500000000000000
       -2380.675706043287        3262.053532299951        7445.020300716555        71215.92540236500       0.4399999976158142
       -2544.328354650759        2830.169092264813        8795.964060469068        71215.92598116900      0.05000000074505806
       -2122.636975450857        2685.121160674958        7716.980953216169        71215.92699127800       0.9800000190734863
       -2332.938965949696        2974.196142019304        7923.979343853583        71215.92760940100       0.3000000119209290
       -2545.662052948840        3072.946254248223        8763.951514773731        71215.92801815600       0.9200000166893005
       -2445.621500751397        3410.010708479769        7619.018344351481        71215.92822921700        1.000000000000000
       -2219.866799557033        3001.074058879408        7480.006912270414        71215.92853592000        1.909999966621399
       -2223.559725719864        2846.190042655892        7848.976757092020        71215.92876308299       0.3700000047683716
       -2301.870032173856        2794.056210522161        7751.972128412989        71215.92880286599       0.5299999713897705
       -1880.504729616902        2690.042629010244        7453.954556106751        71215.93013004999       0.8299999833106995
       -2388.879804083047        2990.130352376058        8444.950822343591        71215.93162887100        1.200000047683716
       -1783.825654149453        2573.913309469266        7366.030292592354        71215.93185321899       0.2700000107288361
       -2407.351305508638        2875.000345654934        8690.996990243568        71215.93409104701       0.6899999976158142
       -2200.334403875121        2813.210024433808        8008.999484547721        71215.93433356700        1.940000057220459
       -2451.381708447972        3069.861058981830        7689.989643193734        71215.93441999800        1.509999990463257
       -1880.510656194447        2629.031007696812        7432.980053320141        71215.93460436100       0.2000000029802322
       -2279.840035408160        3049.812854901572        7493.962631845108        71215.93514924400       0.5899999737739563
       -2426.484247636486        3503.965909004195        7457.974555775035        71215.93527739900        1.220000028610229
       -2352.660097094827        3091.967262324933        7899.016073649859        71215.93614502500       0.7799999713897705
       -2384.349576070916        3166.052265624594        7770.967878169966        71215.93685954101        1.129999995231628
       -2237.408505440656        3381.062788968480        7452.009927782715        71215.93741887400       0.6800000071525574
       -2297.511477293295        3070.198901633323        7592.046616281225        71215.94049197900        1.029999971389771
       -2442.809075188093        3396.038834599142        7636.026895738098        71215.94072377600       0.8100000023841858
       -2388.699683403303        3033.131647194083        7992.031042477954        71215.94100883900        1.690000057220459
       -1826.606800478075        3126.057945815859        6812.971001290690        71215.94578560400        1.889999985694885
       -2180.509611912172        2733.875031529536        7766.040819622844        71215.94593297799       0.5400000214576721
       -2001.730111215453        3367.867940536840        7433.995459653352        71215.94613401000       0.8199999928474426
       -1983.345174088901        3433.906757948857        7352.965877360272        71215.94639986000       0.3199999928474426
       -2689.609431755204        3528.105827312544        7316.955983106812        71215.94649639800       0.6600000262260437
       -1931.873393748793        3353.019527303970        7421.024793128599        71215.94690329400       0.3799999952316284
       -2425.899732894611        3288.850407463056        7631.989541895924        71215.94801524001        1.639999985694885
       -2019.412234143836        3245.891513886181        7483.953202971268        71215.94830572700        1.240000009536743
       -1940.529206634502        2665.112429760516        7578.047221333812        71215.94847149101       0.5199999809265137
       -1945.990822889250        3255.138817507494        7371.971232178351        71215.94880297100       0.1400000005960464
       -2012.308275243483        3233.099694996804        7323.961927313740        71215.94898274400        1.379999995231628
       -1929.735868502876        3269.076126421726        7295.969001050747        71215.94908672100       0.7599999904632568
       -2002.472357108490        3175.109623572824        7420.994235448003        71215.94935813300       0.7799999713897705
       -2016.637854652735        3179.857997120905        7591.987440782387        71215.94945188300        1.570000052452087
       -1993.304949558612        3193.762957377959        7451.987770548948        71215.94959302600        1.009999990463257
       -1981.943835874800        3136.014580545700        7184.019981964623        71215.94966370400       0.7400000095367432
       -2418.796581660894        3420.159438224002        7597.023099066303        71215.95014203100       0.7400000095367432
       -1859.907459251194        3131.808299557478        7294.958648621803        71215.95044398600       0.3499999940395355
       -2002.472673920012        3100.950552012273        7372.030801198333        71215.95063496400       0.1500000059604645
       -1959.444165628729        3137.833055957990        7445.026066186799        71215.95070951400        1.389999985694885
       -1977.793046627748        3083.174381895551        7416.047130741809        71215.95083246300       0.4699999988079071
       -1992.591441373325        3131.879596146311        7385.018742485190        71215.95121958600       0.1700000017881393
       -2350.600476240203        2955.153773133826        7962.981752870995        71215.95178184300       0.6000000238418579
       -2035.664244577950        2948.020121103282        7353.992911000751        71215.95235222600       0.8500000238418579
       -2067.419326921559        2945.910254476646        7356.983697030008        71215.95284099100       0.6899999976158142
       -2091.405990704922        2887.006648169300        7302.002884823850        71215.95331036000       0.5099999904632568
       -2095.615307518050        2928.077248355872        7254.982730746924        71215.95341971501       0.5699999928474426
       -2464.990636959254        3168.019895005880        8278.036022132259        71215.95367782800        1.080000042915344
       -2202.844583488542        2992.900182780087        7223.016607251086        71215.95395684900        1.009999990463257
       -2191.594030684920        2875.995679189014        7258.974299348121        71215.95435379200        1.179999947547913
       -2732.688438679327        3474.770583490639        7369.967075197535        71215.95455461901       0.4900000095367432
       -2040.492653206582        3380.936497018714        7297.976246867697        71215.95465400199        1.009999990463257
       -2172.529387166817        2945.893062579005        7269.048928272136        71215.95475885700        1.019999980926514
       -2164.762855841233        2925.968712127636        7241.960654891262        71215.95490482500        1.960000038146973
       -2183.804946840065        2895.873928877157        7192.967938197808        71215.95517928099       0.3499999940395355
       -2206.379056562860        2897.142713411957        7176.959605773625        71215.95562391701       0.8000000119209290
       -2034.435209255905        2744.020101544483        7788.984515392716        71215.95580481899        1.110000014305115
       -2080.753680666613        3437.800819483035        7465.032440458437        71215.95610946200       0.5699999928474426
       -1532.567523140033        2672.106400671804        7260.955370105950        71215.95666141700       0.7300000190734863
       -2101.853984866449        3497.022294092376        7297.993230461927        71215.95695192199      0.05999999865889549
       -2066.681356152910        3350.987197937691        7529.983721248959        71215.95743203200       0.6999999880790710
       -2089.904880402646        3400.050358502631        7373.049721384426        71215.95861218800        1.419999957084656
       -2442.799138773092        3404.924659392836        7616.022146504612        71215.95907685200       0.7099999785423279
       -2134.343933509149        3380.967836534900        7318.045195376910        71215.95926823100       0.4600000083446503
       -2105.396714275713        3403.816680288500        7280.042605546345        71215.95938146500        1.539999961853027
       -2192.922104542095        3367.864767522569        7348.032322752171        71215.95952309000        4.010000228881836
       -2177.361638208707        3341.106076838006        7220.952115191527        71215.95985100500        1.460000038146973
       -2185.816668556024        3361.006430512597        7199.038353421629        71215.96030922000      0.07999999821186066
       -1526.918866959417        2672.946846006691        7246.956367281904        71215.96041055600       0.9100000262260437
       -2208.441283153887        3294.973241768806        7286.965523447359        71215.96084074600        1.059999942779541
       -2225.334138414496        3283.897510781380        7159.965366166482        71215.96103355500     0.009999999776482582
       -2180.888971264118        3288.982937296182        7183.978062813470        71215.96111648100       0.7900000214576721
       -2181.616605675077        3222.909453098303        7204.011630369373        71215.96160261400        1.179999947547913
       -2281.322993363453        3450.827042747959        7964.957060611232        71215.96191899400        2.789999961853027
       -2208.419026773023        3234.765702682435        7181.996405557395        71215.96227300901        1.539999961853027
       -2226.781853352329        3175.892667334224        7192.019695785153        71215.96258319401       0.6100000143051147
       -2192.507653676254        2785.156370512300        7804.014482432132        71215.96269133400        1.919999957084656
       -2244.453198700289        3192.044343608321        7292.005451302693        71215.96284329300       0.7300000190734863
       -2067.897524238379        3309.142880596200        6899.005109050853        71215.96303299601       0.1700000017881393
       -2273.344713651090        3194.115625169666        7184.994181664879        71215.96318231300       0.2899999916553497
       -1713.935662423584        2670.892655632110        7323.009438877917        71215.96337797301        2.250000000000000
       -2289.578267192703        3158.106882015338        7174.006360574967        71215.96384072000       0.6700000166893005
       -2311.450199026213        3142.854703228508        7159.006038210629        71215.96400338000       0.8799999952316284
       -2265.432381041575        3123.138040361083        6712.032140203303        71215.96460614500        3.950000047683716
       -2437.983668180188        3068.174584819007        7713.995584944436        71215.96487352700        1.629999995231628
       -2412.562330980119        3087.216288051823        7680.996013264254        71215.96500197600        1.309999942779541
       -2352.407528071616        3115.787865064876        7229.004421690646        71215.96514884300       0.4399999976158142
       -1748.419237482338        2377.974144282650        6784.016649514267        71215.96529913100       0.4600000083446503
       -2118.864802799844        3461.130818693040        7505.007281603104        71215.96556386500       0.9599999785423279
       -2015.823703655563        3311.901193827663        7337.020390101189        71215.96741274701       0.7500000000000000
       -2015.871731563934        3258.160324319974        7453.048142021197        71215.96765234800       0.6899999976158142
       -2109.612460166913        3397.855961003443        7222.044390169563        71215.96805572799       0.8999999761581421
       -2206.389149628674        2931.055776441997        7229.044176127074        71215.96867801499        1.029999971389771
       -1340.633205969674        2750.896781496991        7321.964936441825        71215.96966872500        1.620000004768372
       -2232.394912335566        3333.062879850097        7207.036957116531        71215.97138948900       0.5500000119209290
       -2115.959968079663        3391.072582149797        7209.045908496762        71215.97223327000       0.9700000286102295
       -2060.302890501661        3433.154735794220        7499.041579944824        71215.97240166200       0.8399999737739563
       -2433.882634284572        3378.157400179151        8272.040443118736        71215.97329553100        1.700000047683716
       -2304.410160916724        3083.125602858086        7163.037804447470        71215.97376606399        1.750000000000000
       -2287.568517408230        3132.828424171532        7456.019629347275        71215.97424709100        1.720000028610229
       -2423.685877714998        3087.852923968020        7240.991413151817        71215.97461826001       0.7200000286102295
       -2486.407815627272        3102.179543949369        7050.960317116876        71215.97532330699       0.6100000143051147
       -2522.476468590433        3094.240782452969        7257.049700432817        71215.97570097201        1.179999947547913
       -2504.778784126333        3095.859978552202        7111.956234548647        71215.97588275500       0.1500000059604645
       -2502.766135889059        3087.089776532776        7371.961334814358        71215.97598318500       0.2199999988079071
       -2520.398957848966        3081.152057748372        7347.957280056541        71215.97616585600        1.250000000000000
       -2425.827553649121        2990.845029760551        7241.036940287237        71215.97635177799       0.2700000107288361
       -2331.951259122816        3355.220824281057        7407.989807329278        71215.97673015800        1.889999985694885
       -2480.902417514534        3034.126918975053        7363.995332499060        71215.97707309401        1.169999957084656
       -2288.355868465208        3185.914776667962        7719.993038288471        71215.97841554700        1.190000057220459
       -2489.410389747735        2915.948546273362        7388.047285981829        71215.97861560799       0.7900000214576721
       -2494.422321321033        2868.996603952511        7541.966605912583        71215.97904887100       0.8999999761581421
       -2511.981658451698        2887.128285808011        7344.951493031520        71215.97930730401        1.899999976158142
       -2544.502048521560        2919.836373972742        7520.023834885956        71215.97972683700        1.509999990463257
       -2479.534788045459        2893.914562395255        7381.961085258351        71215.97989418000       0.3000000119209290
       -2567.760614019146        2916.844191865427        7448.015893381780        71215.98048591299       0.8199999928474426
       -2452.328013720736        2931.151022597292        6384.954356794357        71215.98055867100       0.6700000166893005
       -2598.824924966593        2932.125958143174        7496.996324876421        71215.98147159501       0.8500000238418579
       -2247.916172689987        3341.962998842154        7208.026849140124        71215.98251156100        1.379999995231628
       -1993.938722547303        3335.185415551503        7317.015088095573        71215.98375278700       0.4799999892711639
       -2015.781288269512        3452.099162279195        7297.045484974637        71215.98456857000       0.4600000083446503
       -2016.565367162334        3275.939626805974        7427.038789560605        71215.98536541000       0.8299999833106995
       -1520.562621750774        2677.173587998522        7226.956103080543        71215.98792335601       0.8199999928474426
       -1902.391372679654        2676.926193402179        7481.953615437676        71215.98961343900       0.6700000166893005
       -2870.765113368324        3649.131187114471        6996.009042363708        71215.98992645300       0.3799999952316284
       -1981.943395067402        3078.807352822103        7144.047914938994        71215.99516266800        1.629999995231628
       -2186.728384212571        2985.000180345778        7548.025906898452        71215.99569855400        1.870000004768372
       -2096.316529881663        2956.886249839347        7260.969178685265        71215.99606555801       0.6999999880790710
       -2184.506175337184        2906.038094989813        7186.963063351392        71215.99635189000       0.3000000119209290
       -1107.632480930786        3164.915858405579        6811.016723334043        71215.99878950800        1.889999985694885
       -2312.856788607954        2666.151401828507        6825.022898382036        71216.00061955801       0.6000000238418579
       -2136.420703766189        2706.740123872429        6743.967059510842        71216.00087231200       0.7099999785423279
       -1827.952335264440        3294.163127202011        6696.985874726591        71216.02911944500       0.2300000041723251
       -1980.503502949965        3127.069245472541        7084.024814262445        71216.02945721700       0.1800000071525574
       -2566.334746889419        2929.116228689151        7420.010823186656        71216.02981582499        1.070000052452087
