-2.244733501191191863e+03 2.861031152646747159e+03 7.866962704544018379e+03
-2.346367778945008013e+03 2.914893954422986099e+03 7.940001873275114121e+03
-2.506752915483472862e+03 2.996109065278390972e+03 8.480003472330496152e+03
-2.384517161393543120e+03 3.073882859979615205e+03 8.158013080081595945e+03
-2.249667822812874874e+03 2.782201550078520995e+03 7.797995914095750777e+03
-2.485597908236492913e+03 3.013078483911539024e+03 8.537003730860600626e+03
-2.252501081799277927e+03 2.853834823533928102e+03 7.875963205309139084e+03
-2.435338349126534013e+03 3.103151546256683105e+03 8.202979725464119838e+03
-2.389481417217796206e+03 3.048910058416079210e+03 8.206023249422258232e+03
-2.395622552440847812e+03 3.222820105369438807e+03 7.762034772506020090e+03
-2.383615525987017008e+03 3.037183789329832962e+03 7.608030936971113988e+03
-2.247336489588060886e+03 3.048050208802530960e+03 7.367974964072172043e+03
-2.427831092426409214e+03 2.824158546331677826e+03 8.688012010638429274e+03
-2.326344413835813157e+03 3.392991735669153059e+03 7.537971847948932009e+03
-2.189533969540555972e+03 3.132875135894440064e+03 7.597953865525025321e+03
-2.199401370056362794e+03 3.118028410432206783e+03 7.553957762855064175e+03
-2.180500594459602780e+03 2.807177044614813894e+03 7.789008910410033423e+03
-2.396501802193085041e+03 3.090822346455565821e+03 8.136000389453713069e+03
-1.921460492672719056e+03 2.693055235220913801e+03 7.546041212077452656e+03
-2.453548710464910073e+03 3.022035979536061859e+03 7.788011723582062587e+03
-2.446321445144653808e+03 3.426107171645952803e+03 7.615009428996612769e+03
-2.380675706043286937e+03 3.262053532299950803e+03 7.445020300716554630e+03
-2.544328354650759138e+03 2.830169092264813116e+03 8.795964060469068500e+03
-2.122636975450856880e+03 2.685121160674957991e+03 7.716980953216168928e+03
-2.332938965949696012e+03 2.974196142019303807e+03 7.923979343853582577e+03
-2.545662052948840028e+03 3.072946254248222886e+03 8.763951514773731105e+03
-2.445621500751396979e+03 3.410010708479769164e+03 7.619018344351480664e+03
-2.219866799557033119e+03 3.001074058879407858e+03 7.480006912270414432e+03
-2.223559725719864218e+03 2.846190042655891830e+03 7.848976757092020307e+03
-2.301870032173856089e+03 2.794056210522161109e+03 7.751972128412989150e+03
-1.880504729616902068e+03 2.690042629010244127e+03 7.453954556106750715e+03
-2.388879804083047020e+03 2.990130352376057999e+03 8.444950822343591426e+03
-1.783825654149452930e+03 2.573913309469266096e+03 7.366030292592354272e+03
-2.407351305508637779e+03 2.875000345654933881e+03 8.690996990243567780e+03
-2.200334403875121097e+03 2.813210024433808030e+03 8.008999484547721295e+03
-2.451381708447971960e+03 3.069861058981829956e+03 7.689989643193734082e+03
-1.880510656194446938e+03 2.629031007696812139e+03 7.432980053320141451e+03
-2.279840035408160020e+03 3.049812854901571882e+03 7.493962631845108262e+03
-2.426484247636486089e+03 3.503965909004195055e+03 7.457974555775034787e+03
-2.352660097094827051e+03 3.091967262324933017e+03 7.899016073649859209e+03
-2.384349576070916100e+03 3.166052265624593929e+03 7.770967878169965843e+03
-2.237408505440655972e+03 3.381062788968480163e+03 7.452009927782714840e+03
-2.297511477293294774e+03 3.070198901633323203e+03 7.592046616281225397e+03
-2.442809075188093175e+03 3.396038834599141865e+03 7.636026895738097664e+03
-2.388699683403302970e+03 3.033131647194083143e+03 7.992031042477953633e+03
-1.826606800478075002e+03 3.126057945815859057e+03 6.812971001290689856e+03
-2.180509611912172204e+03 2.733875031529536045e+03 7.766040819622843628e+03
-2.001730111215453007e+03 3.367867940536839797e+03 7.433995459653351645e+03
-1.983345174088901103e+03 3.433906757948856921e+03 7.352965877360272316e+03
-2.689609431755203786e+03 3.528105827312544079e+03 7.316955983106811800e+03
-1.931873393748792978e+03 3.353019527303969880e+03 7.421024793128599413e+03
-2.425899732894611134e+03 3.288850407463055944e+03 7.631989541895924049e+03
-2.019412234143836031e+03 3.245891513886181201e+03 7.483953202971268183e+03
-1.940529206634502088e+03 2.665112429760516079e+03 7.578047221333811649e+03
-1.945990822889250012e+03 3.255138817507493968e+03 7.371971232178350874e+03
-2.012308275243482967e+03 3.233099694996803919e+03 7.323961927313739579e+03
-1.929735868502875974e+03 3.269076126421725803e+03 7.295969001050746556e+03
-2.002472357108490087e+03 3.175109623572824148e+03 7.420994235448002655e+03
-2.016637854652735086e+03 3.179857997120905111e+03 7.591987440782387239e+03
-1.993304949558611952e+03 3.193762957377959083e+03 7.451987770548947992e+03
-1.981943835874800016e+03 3.136014580545700028e+03 7.184019981964623184e+03
-2.418796581660893935e+03 3.420159438224001860e+03 7.597023099066303075e+03
-1.859907459251194041e+03 3.131808299557478222e+03 7.294958648621803150e+03
-2.002472673920012085e+03 3.100950552012272965e+03 7.372030801198333393e+03
-1.959444165628729024e+03 3.137833055957989927e+03 7.445026066186798744e+03
-1.977793046627748026e+03 3.083174381895551051e+03 7.416047130741809269e+03
-1.992591441373325097e+03 3.131879596146311087e+03 7.385018742485190160e+03
-2.350600476240203079e+03 2.955153773133825780e+03 7.962981752870994569e+03
-2.035664244577950058e+03 2.948020121103281781e+03 7.353992911000750610e+03
-2.067419326921558877e+03 2.945910254476646060e+03 7.356983697030008443e+03
-2.091405990704921805e+03 2.887006648169300206e+03 7.302002884823849854e+03
-2.095615307518050031e+03 2.928077248355872143e+03 7.254982730746924062e+03
-2.464990636959254061e+03 3.168019895005879789e+03 8.278036022132258950e+03
-2.202844583488541957e+03 2.992900182780087107e+03 7.223016607251085588e+03
-2.191594030684920199e+03 2.875995679189014027e+03 7.258974299348121349e+03
-2.732688438679327191e+03 3.474770583490639183e+03 7.369967075197535451e+03
-2.040492653206581963e+03 3.380936497018713908e+03 7.297976246867697228e+03
-2.172529387166816832e+03 2.945893062579004891e+03 7.269048928272136436e+03
-2.164762855841232977e+03 2.925968712127636081e+03 7.241960654891261584e+03
-2.183804946840064986e+03 2.895873928877157141e+03 7.192967938197807598e+03
-2.206379056562860114e+03 2.897142713411957175e+03 7.176959605773625299e+03
-2.034435209255904965e+03 2.744020101544483168e+03 7.788984515392716276e+03
-2.080753680666613036e+03 3.437800819483034957e+03 7.465032440458437122e+03
-1.532567523140033018e+03 2.672106400671803840e+03 7.260955370105950351e+03
-2.101853984866449082e+03 3.497022294092375887e+03 7.297993230461926942e+03
-2.066681356152910212e+03 3.350987197937690780e+03 7.529983721248959228e+03
-2.089904880402646086e+03 3.400050358502630843e+03 7.373049721384426448e+03
-2.442799138773092182e+03 3.404924659392836020e+03 7.616022146504611555e+03
-2.134343933509148883e+03 3.380967836534900016e+03 7.318045195376909760e+03
-2.105396714275712839e+03 3.403816680288499811e+03 7.280042605546344930e+03
-2.192922104542094985e+03 3.367864767522568854e+03 7.348032322752171240e+03
-2.177361638208707063e+03 3.341106076838006175e+03 7.220952115191526900e+03
-2.185816668556024069e+03 3.361006430512597035e+03 7.199038353421628926e+03
-1.526918866959417073e+03 2.672946846006690976e+03 7.246956367281904022e+03
-2.208441283153887071e+03 3.294973241768806020e+03 7.286965523447359374e+03
-2.225334138414496010e+03 3.283897510781379879e+03 7.159965366166482454e+03
-2.180888971264118027e+03 3.288982937296182172e+03 7.183978062813470387e+03
-2.181616605675077153e+03 3.222909453098302947e+03 7.204011630369373052e+03
-2.281322993363452952e+03 3.450827042747958785e+03 7.964957060611232009e+03
-2.208419026773022779e+03 3.234765702682434949e+03 7.181996405557394610e+03
-2.226781853352329108e+03 3.175892667334223916e+03 7.192019695785153090e+03
-2.192507653676253994e+03 2.785156370512299873e+03 7.804014482432132354e+03
-2.244453198700288794e+03 3.192044343608321014e+03 7.292005451302692563e+03
-2.067897524238378992e+03 3.309142880596200030e+03 6.899005109050853207e+03
-2.273344713651089933e+03 3.194115625169666146e+03 7.184994181664878852e+03
-1.713935662423584063e+03 2.670892655632109836e+03 7.323009438877917091e+03
-2.289578267192703152e+03 3.158106882015338215e+03 7.174006360574967402e+03
-2.311450199026212886e+03 3.142854703228507788e+03 7.159006038210629413e+03
-2.265432381041574899e+03 3.123138040361082858e+03 6.712032140203303243e+03
-2.437983668180188033e+03 3.068174584819007123e+03 7.713995584944435905e+03
-2.412562330980118986e+03 3.087216288051823085e+03 7.680996013264253634e+03
-2.352407528071616071e+03 3.115787865064875859e+03 7.229004421690646268e+03
-1.748419237482338076e+03 2.377974144282649831e+03 6.784016649514266646e+03
-2.118864802799843801e+03 3.461130818693040055e+03 7.505007281603104275e+03
-2.015823703655562895e+03 3.311901193827663064e+03 7.337020390101189150e+03
-2.015871731563933963e+03 3.258160324319973824e+03 7.453048142021197236e+03
-2.109612460166913024e+03 3.397855961003443099e+03 7.222044390169562575e+03
-2.206389149628674204e+03 2.931055776441996841e+03 7.229044176127074024e+03
-1.340633205969674009e+03 2.750896781496991025e+03 7.321964936441824648e+03
-2.232394912335566005e+03 3.333062879850097033e+03 7.207036957116531084e+03
-2.115959968079663213e+03 3.391072582149797199e+03 7.209045908496762422e+03
-2.060302890501660841e+03 3.433154735794219960e+03 7.499041579944823752e+03
-2.433882634284571850e+03 3.378157400179150955e+03 8.272040443118736221e+03
-2.304410160916724180e+03 3.083125602858086040e+03 7.163037804447470080e+03
-2.287568517408230036e+03 3.132828424171531879e+03 7.456019629347275441e+03
-2.423685877714997787e+03 3.087852923968020150e+03 7.240991413151817142e+03
-2.486407815627272157e+03 3.102179543949368963e+03 7.050960317116875558e+03
-2.522476468590432887e+03 3.094240782452969142e+03 7.257049700432817190e+03
-2.504778784126332994e+03 3.095859978552201937e+03 7.111956234548647444e+03
-2.502766135889059115e+03 3.087089776532775886e+03 7.371961334814358452e+03
-2.520398957848965892e+03 3.081152057748372044e+03 7.347957280056541094e+03
-2.425827553649121000e+03 2.990845029760550915e+03 7.241036940287236575e+03
-2.331951259122815827e+03 3.355220824281057048e+03 7.407989807329277937e+03
-2.480902417514534136e+03 3.034126918975052831e+03 7.363995332499060169e+03
-2.288355868465208005e+03 3.185914776667962087e+03 7.719993038288471325e+03
-2.489410389747734826e+03 2.915948546273361899e+03 7.388047285981829191e+03
-2.494422321321032996e+03 2.868996603952511123e+03 7.541966605912582963e+03
-2.511981658451697967e+03 2.887128285808010787e+03 7.344951493031519931e+03
-2.544502048521560027e+03 2.919836373972741967e+03 7.520023834885955694e+03
-2.479534788045459209e+03 2.893914562395254961e+03 7.381961085258350977e+03
-2.567760614019146033e+03 2.916844191865427092e+03 7.448015893381780188e+03
-2.452328013720736180e+03 2.931151022597292013e+03 6.384954356794357409e+03
-2.598824924966592789e+03 2.932125958143174103e+03 7.496996324876420658e+03
-2.247916172689986979e+03 3.341962998842153866e+03 7.208026849140123886e+03
-1.993938722547303087e+03 3.335185415551502956e+03 7.317015088095573446e+03
-2.015781288269512061e+03 3.452099162279194843e+03 7.297045484974636565e+03
-2.016565367162334041e+03 3.275939626805974058e+03 7.427038789560605437e+03
-1.520562621750774042e+03 2.677173587998522180e+03 7.226956103080542562e+03
-1.902391372679654069e+03 2.676926193402178797e+03 7.481953615437675580e+03
-2.870765113368323910e+03 3.649131187114470777e+03 6.996009042363708431e+03
-1.981943395067401980e+03 3.078807352822102985e+03 7.144047914938993927e+03
-2.186728384212571200e+03 2.985000180345778062e+03 7.548025906898452376e+03
-2.096316529881662973e+03 2.956886249839346874e+03 7.260969178685265433e+03
-2.184506175337183777e+03 2.906038094989813089e+03 7.186963063351391611e+03
-1.107632480930785960e+03 3.164915858405579002e+03 6.811016723334042581e+03
-2.312856788607954059e+03 2.666151401828507005e+03 6.825022898382036146e+03
-2.136420703766189035e+03 2.706740123872429194e+03 6.743967059510841864e+03
-1.827952335264440080e+03 3.294163127202010855e+03 6.696985874726590737e+03
-1.980503502949964968e+03 3.127069245472540842e+03 7.084024814262445034e+03
-2.566334746889418966e+03 2.929116228689150830e+03 7.420010823186656125e+03
