 x(m) y(m) z(m) time(s) chi2
       -429.8644557605311       -53.15401377062694        8742.985327270922        82156.29223681900       0.8100000023841858
       -428.4548690088425       -93.83091512740562        8751.984952172279        82156.29388415501        4.420000076293945
       -488.4776962777358       -153.9983350936803        8859.979476924447        82156.29446952599       0.2500000000000000
       -539.3219790738129       -26.03192893002932        9062.977200924613        82156.29505452800        3.059999942779541
       -538.6182288825623       -85.77870953749768        9049.976735381104        82156.29537557800       0.6100000143051147
       -637.4793054208735        17.19586833585216        9260.968198928269        82156.29677408600       0.5899999737739563
       -606.3920987839132        146.8584806931992        9133.969551007567        82156.29716076000      0.07999999821186066
       -604.2795174845670       -3.993707100647658        9090.971443920207        82156.29735891300        1.409999966621399
       -681.9351310003183        210.8489954186231        9144.960142184858        82156.29799452600        3.220000028610229
       -791.3967038931687        18.90234609830171        9222.950995933643        82156.29810226300       0.5199999809265137
       -820.3455679322167        51.95733021173371        9248.046772944912        82156.29827210000       0.4300000071525574
       -837.2652267287672        104.0773370377024        9086.043939503872        82156.29864716101        1.789999961853027
       -819.6568312122195        73.99398117260685        9398.046644469343        82156.29914786300       0.3400000035762787
       -749.7492418632980        102.8033203641391        9365.955213860972        82156.29995944499       0.7099999785423279
       -727.8496534673664        62.96717814291694        9238.958262133807        82156.30018950600        1.809999942779541
       -786.4657531928724        74.83817273934503        9353.951193417633        82156.30073483300        2.819999933242798
       -788.5882645802105        40.93791091832297        9365.951240420713        82156.30173603199        2.269999980926514
       -732.8155982348611        101.1086195477468        9469.957204834096        82156.30185342200       0.3100000023841858
       -771.6546005279134        117.2156214325579        9517.952359853060        82156.30240357399       0.1400000005960464
       -724.3542249100386       -68.82131848899598        9457.958599876141        82156.30255122200       0.7900000214576721
       -758.9500805699442        40.93641235264683        9508.954828001000        82156.30281339900       0.1400000005960464
       -748.3655008379725       -45.08907260498790        9508.956047472384        82156.30300588300      0.05000000074505806
       -730.7062823806913        129.0788601195777        9566.956941098770        82156.30473661200       0.2199999988079071
       -762.4926832000142        96.02847147296426        9647.953814789711        82156.30499182300       0.6700000166893005
       -565.4594647199283       -23.91231286883772        9219.974951743267        82156.31224207200       0.3700000047683716
       -443.2889203261564       -92.13699041855459        8863.983965913609        82156.31386214501        1.779999971389771
       -738.4445697920612        20.16938986394571        9244.957326870719        82156.31414909600      0.07999999821186066
       -734.9099517191056        34.15268777369186        9216.957674245286        82156.31689454299       0.6899999976158142
       -792.7899262534727        23.98687471124951        9073.950805063598        82156.31709053900       0.4099999964237213
       -795.6163424935347        18.05482204128741        9087.950473687893        82156.31786485099       0.2300000041723251
       -768.7730192280318        34.15413363235388        8985.953690780027        82156.31877493000        4.460000038146973
       -824.5819357342169        48.99143637434766        9246.046251527707        82156.31898115700       0.1299999952316284
       -839.4164242388367        29.92421820261264        9288.044439825939        82156.31938985200        1.039999961853027
       -898.6935551553253        23.14875970990597        9052.036409087406        82156.32011582100        1.289999961853027
       -843.6294945201544        48.99217312259366        9124.043765701403        82156.32019505500      0.05999999865889549
       -973.5359083564242        129.0919337468749        9136.024185430841        82156.32136521800       0.3700000047683716
       -836.5641869901807       -80.24791877555047        9000.044375587197        82156.32242495401       0.8899999856948853
       -893.7593026939441       -105.2433183346557        9023.036272363706        82156.32271965600        1.990000009536743
       -867.6398822163151       -101.0089555985920        9058.039939041555        82156.32290660799       0.3899999856948853
       -945.3076822225523       -128.1205992751209        9054.028439824138        82156.32376260000       0.9700000286102295
       -891.6290244903404       -126.0044984555230        8922.036191609863        82156.32387428700        2.730000019073486
       -904.3619858998139       -126.8541591102893        9093.034388140293        82156.32412801700       0.1299999952316284
       -801.2573647779283       -14.99612984802180        9007.049385946370        82156.32448508200       0.9900000095367432
       -975.6762538826343       -187.8647621753959        9068.022394887093        82156.32476309899       0.1299999952316284
       -909.2855359003164       -111.1732143119582        8971.033981830940        82156.32502346300        1.419999957084656
       -931.8802413786848       -95.06954897269127        8991.030989767612        82156.32524421600        1.519999980926514
       -948.8322860303167       -164.9836753696312        8991.027068198317        82156.32575685901       0.1500000059604645
       -1072.390541305459       -150.1400787063093        8999.007906051766        82156.32632113900       0.2000000029802322
       -1128.918359089661       -197.1745745973311        9215.996895250646        82156.32671103100        1.519999980926514
       -1079.466534390369       -198.8703776439660        9058.005380051456        82156.32693390200      0.09000000357627869
       -1133.881619874280       -139.1240408679310        9371.997553183684        82156.32732252200       0.4199999868869781
       -1174.778705169836       -117.9257906317085        9080.990593212569        82156.32810067800       0.2099999934434891
       -1253.879302712946       -167.0714205626742        9161.974471642137        82156.32908315600       0.1199999973177910
       -1286.354240601077       -159.8630312166268        9145.968205546875        82156.33049015699       0.6200000047683716
       -1316.729011498001       -200.9631465638699        9185.960858329407        82156.33071013499        1.610000014305115
       -1176.893765286005       -164.1117477206217        9032.989180066652        82156.33089476499        3.529999971389771
       -1300.487527037967       -170.0323143376513        9197.965084090967        82156.33105131501        1.720000028610229
       -1436.746023184680       -170.0110583887260        9138.036503389820        82156.33238936801        1.399999976158142
       -1385.962523564764       -147.1425896398597        9399.048288959661        82156.33248976500       0.6100000143051147
       -1415.568293023036       -142.0481227854285        9176.041913509524        82156.33310388601       0.4300000071525574
       -1384.484176090951       -101.7961491916622        9124.049489542367        82156.33359140700        1.309999942779541
       -1417.696816234686       -208.1520060669839        9178.039623325938        82156.33373793399        2.289999961853027
       -1512.985983417872       -69.14866391366753        9142.020812622999        82156.33580866701        1.080000042915344
       -390.3138854261856        23.11246976392426        8567.988043764381        82156.33608334301      0.09000000357627869
       -1505.940469530859       -81.01528291223156        9198.022337468909        82156.33619213500      0.07999999821186066
       -1550.389866415362       -149.2269728017972        9017.010474910256        82156.33656378899        3.299999952316284
       -1568.742850465642       -51.76554684294578        9065.007538712260        82156.33700336301       0.6000000238418579
       -355.7172197550452        9.976178148962363        8500.990096318414        82156.33776423401        1.149999976158142
       -297.8270472480412        90.90170104003140        8562.992413845524        82156.34058123500       0.3199999928474426
       -479.3213539573067       -23.06964378982136        9242.981992371537        82156.34284059401       0.3400000035762787
       -377.6361323271321        40.06339235881381        9087.988721946824        82156.34322322800       0.7900000214576721
       -565.4614994235687       -3.148705144059562        9256.974995848628        82156.34332498400        1.440000057220459
       -466.6097650318129        93.88513404937638        9288.982282124251        82156.34345825000       0.3899999856948853
       -426.3672060853370       -45.95459484021229        9239.985618624460        82156.34355522601       0.9399999976158142
       -392.4712236285040        95.15257080288501        9257.987243688240        82156.34418735800      0.09000000357627869
       -359.2751554493937        134.9800734527261        9083.988474749067        82156.34497965100       0.4399999976158142
       -383.2883362714123        162.9516209099024        9234.986425969370        82156.34504790499      0.03999999910593033
       -231.4846390247698        440.0862810560364        9349.980595014909        82156.34676741500       0.3899999856948853
       -198.2983345879329        437.9616553893383        9275.981856661772        82156.34684167001        4.769999980926514
       -385.4080973574295        423.1468126010441        9436.974319026747        82156.34711160800       0.4600000083446503
       -255.4899481351657        474.8363407555022        9368.977183322615        82156.34757642800       0.5799999833106995
       -363.5085399830470        407.8764754865755        9217.976597588864        82156.34779607000       0.2099999934434891
       -251.9643986044563        463.8266353653714        9479.978135449594        82156.34824410900       0.8299999833106995
       -243.4897162172636        504.9296444705857        9454.975335650386        82156.34865045499       0.4199999868869781
       -153.8149054665861        651.9565888818358        9287.964758666978        82156.34900213400       0.5099999904632568
       -187.7016901500675        584.9931998439713        9166.970360200277        82156.34922388000       0.4300000071525574
       -154.5228804266349        626.9615130781824        9351.967253191893        82156.34938237000       0.2000000029802322
       -237.8310270651624        731.2049678913787        9330.953574838066        82156.34984223801       0.1199999973177910
       -194.7683406953921        690.1128408302321        9451.959620519403        82156.35036051901        1.889999985694885
       -183.4668319287659        674.8378378573449        9269.961591558593        82156.35054112801       0.1599999964237213
       -123.4636445959047        899.9309612042323        9851.034800168760        82156.35161008500        1.450000047683716
       -159.4617377339997        790.9524693478190        9328.048474382040        82156.35197692200        3.150000095367432
       -272.4340424007377        757.0794878783180        9537.048779988949        82156.35219148100        3.690000057220459
       -264.6657906294042        772.7547168543750        9504.047222161224        82156.35258040500       0.3199999928474426
       -251.9565412277736        788.0093593222974        9499.045865196482        82156.35269376200        1.590000033378601
       -27.43517191351263        1015.077494701975        9076.018602105107        82156.35296830800        1.059999942779541
       -83.91907875676233        857.0731987392560        9446.041352750492        82156.35327141600        1.519999980926514
       -316.9224559697257        818.9768878431244        9737.039068260747        82156.35348680599       0.2500000000000000
       -283.7237225232694        838.8538087366234        9435.038036000155        82156.35374915400       0.5400000214576721
       -50.73493299936504        932.0670206951678        9364.031160936111        82156.35387264501       0.6000000238418579
       -134.7519391207626        996.0766894925210        9501.020248421575        82156.35434013201       0.6999999880790710
       -216.6478832822868        1060.910696897566        9478.007521315081        82156.35453319100       0.1899999976158142
       -191.9431063302092        1068.994119795383        9671.006960931596        82156.35540498300        3.730000019073486
       -373.4013264380519        868.1287023095068        9671.029504966313        82156.35558956800        1.769999980926514
       -126.2776037721720        1063.869069284127        9440.009450254443        82156.35586907501        1.679999947547913
       -317.6210064524633        788.0195014066954        9565.042939976543        82156.35624433600        3.599999904632568
       -338.7989534144057        847.7690090418370        9543.034174910341        82156.35693910701        4.340000152587891
       -401.6448154675531        863.0475022539276        9693.028484578739        82156.35718058200       0.3300000131130219
       -267.4978886665474        785.9161403523693        9703.045494472264        82156.35782239999        4.840000152587891
       -279.4927214927608        927.0220294816495        9612.025993506486        82156.36109583999        2.769999980926514
       -228.6563999847314        1013.896127623727        9623.014767993685        82156.36227270401        3.130000114440918
       -216.6563289225053        909.2237292767123        9625.030998745446        82156.36245862700       0.1199999973177910
       -198.2984250392558        996.1019051610830        9655.018591514252        82156.36309433600       0.4099999964237213
       -407.9488306007840        140.8995922574249        8415.985424676361        82156.36558622700       0.6499999761581421
       -1501.645756472544       -142.8763530019779        8908.022251385421        82156.36989087300        1.019999980926514
       -1560.299298068412       -108.1253565916583        9146.008899235754        82156.37087645500      0.01999999955296516
       -1595.607251327444       -42.01607603531247        9210.000967425918        82156.37154607000        3.099999904632568
       -1601.261917872658       -39.89655348571921        9235.999568278774        82156.37177175700       0.5600000023841858
       -1571.583052827889       -97.95294888758330        9099.006298999855        82156.37232897400        2.480000019073486
       -1607.613356923645       -56.84520546312460        9211.997844961314        82156.37259277000        1.009999990463257
       -1595.627609333466       -19.13404036478987        9307.001075292910        82156.37274434100       0.2700000107288361
       -1651.400926371881       -48.78687932248039        9261.986754313177        82156.37288348201       0.4399999976158142
       -1678.924431578177       -22.93316203349332        9228.979731099589        82156.37309233801        1.590000033378601
       -1608.310629823410        61.80449862554818        9256.997624823543        82156.37416245601       0.9100000262260437
       -1593.508829034945        79.17716481549655        9371.001141951225        82156.37475814400       0.8100000023841858
       -402.3174672978428        7.859646505923759        8585.987336833676        82156.37607237900       0.1599999964237213
       -1761.572472882525        77.08887388461402        9435.957077878951        82156.37919786500       0.1599999964237213
       -1728.400880851411        146.1582397807450        9534.964922719224        82156.37939680100       0.2899999916553497
       -1734.012013980708       -14.87218180039462        9287.965055213199        82156.37948402000        3.640000104904175
       -1737.602463503552        10.13021145333435        9525.964098619841        82156.37982293700       0.7200000286102295
       -1734.012375840168        124.1203420689330        9382.963865750282        82156.37997342501       0.6899999976158142
       -1793.373273230573        60.99269841873423        9522.048025260541        82156.38045584501        1.750000000000000
       -1804.642667959882        80.91082630176878        9436.044629220012        82156.38075753801       0.4900000095367432
       -1898.585785383621        108.8997486792546        9571.017014288951        82156.38174406999       0.8799999952316284
       -1748.862831627802        52.93195282349168        9418.960812768179        82156.38201314800        1.679999947547913
       -1847.695216276437        94.90245413100268        9382.032138107024        82156.38285160500       0.4900000095367432
       -421.3753134306748        76.92427974519616        8572.985649087774        82156.38324927700       0.6899999976158142
       -412.9030690824794        45.14587562607272        8544.986506584575        82156.38604838900       0.2899999916553497
       -137.5657712549441        1160.855463124497        9135.992262148133        82156.39257685401        1.590000033378601
       -106.5078026624708        1152.852497017751        9403.994314034999        82156.39287291300       0.2000000029802322
       -2.726402818557496        1186.802333378439        9669.988965232114        82156.39377923000        2.539999961853027
        69.99046324152538        1174.027821119241        9336.990946163214        82156.39414942201        1.240000009536743
        47.39829302836987        1192.237200821477        9272.987767484976        82156.39466534099       0.3199999928474426
        6.451800510779697        1191.021778952627        9571.988172701531        82156.39493266599        2.160000085830688
        35.39657263104350        1157.059027939393        9235.994337007945        82156.39535975900        2.000000000000000
        203.4236785722543        1227.863155154381        9421.977936881873        82156.39633372299        1.139999985694885
        50.22493098063224        1305.889477519444        9695.965450505828        82156.39649228500        1.659999966621399
        198.4756601607753        1379.973370934496        9329.047514123133        82156.39731227900       0.7200000286102295
        208.3678304573407        1552.110794061944        9708.007560799282        82156.39970395601        1.480000019073486
        194.2356048189515        1532.940399200191        9293.012639252740        82156.40019365300        1.590000033378601
        213.3125692012495        1558.064888061989        9794.005945707180        82156.40053792800        1.289999961853027
        223.1725940743414        1524.838931029264        9081.013634631943        82156.40111215100       0.4600000083446503
        209.0618502620540        1497.772015956170        9305.020545230769        82156.40165886600        1.240000009536743
        273.3039256951363        1518.115514397046        9312.013302396173        82156.40200444200       0.3199999928474426
        262.0177675266556        1571.148695602563        9572.000912453570        82156.40243602700        1.639999985694885
        328.3677815302858        1563.885701630181        9323.999630321949        82156.40264416300       0.5799999833106995
        344.5974753335721        1568.091062918065        9190.997737327185        82156.40286199600        1.750000000000000
        323.4243685687769        1585.916077317009        9304.994430389728        82156.40334763200        2.400000095367432
        415.1882912156778        1688.869353935470        9219.962641157552        82156.40497844201       0.5899999737739563
        402.4875145751559        1693.980403933344        9319.962098701686        82156.40507686901       0.3300000131130219
        481.5246350702834        1696.000799490612        8936.956082383225        82156.40574145500        1.870000004768372
        371.4234615942491        1696.935025134429        9280.963190092825        82156.40596130000        1.440000057220459
        378.4823628153520        1695.237630263282        9270.963228113964        82156.40687465300       0.9200000166893005
        548.6093992796523        1718.965005017374        9230.044138245536        82156.40708285201       0.6999999880790710
        516.1688411343307        1700.846155525218        9619.952112958841        82156.40721510000       0.8999999761581421
        556.3760462119417        1665.991546143972        9209.957943751910        82156.40898742700        1.379999995231628
        642.4888445227024        1730.811130098464        9139.032179930136        82156.40937679500       0.1400000005960464
        595.2054633836103        1732.966785698566        9286.036175806938        82156.40950588000       0.4399999976158142
        639.6688057975952        1721.072959081999        9169.035104744657        82156.41045804000        2.180000066757202
        615.6695100048460        1746.931079506653        9210.030417401269        82156.41058261000       0.8600000143051147
        619.1946688246738        1752.004447176369        9167.028680622465        82156.41093080000       0.4600000083446503
        667.1948402940714        1799.044816143622        9172.010729406213        82156.41151688799       0.5299999713897705
        669.3166617278738        1760.911477042346        9185.021173011384        82156.41159530800        3.980000019073486
        687.6789117291199        1779.158477800358        9273.014153812834        82156.41176075100       0.6100000143051147
        796.3830045718661        1843.142838331168        9235.983329248558        82156.41250835800       0.4900000095367432
        899.4173357194935        1829.949965788819        9006.973461272681        82156.41335302401       0.4300000071525574
        756.1475984293368        1823.225315931574        9242.993951135852        82156.41372232900      0.07999999821186066
        854.2865156335903        1802.921115111229        9339.987381080422        82156.41444998400        1.049999952316284
        921.3672312071744        1747.859907788930        9415.993429537246        82156.41491654501      0.05000000074505806
        988.4099073847191        1783.851642335264        9291.973425708058        82156.41543363599        1.460000038146973
        894.5304394145807        1744.022112701054        9337.998289289513        82156.41555981799        1.330000042915344
        1104.165418042033        1682.117619646905        9117.982175995028        82156.41729890200        1.919999957084656
        1170.536238021387        1697.826961056292        9203.966203158421        82156.41847539600      0.09000000357627869
        1273.591302270029        1638.066882113237        9106.962162694095        82156.41972243800        1.929999947547913
        1158.508362933096        1662.185519153973        9030.977793008100        82156.42016124200        2.660000085830688
        1360.412416729002        1555.850457530630        9013.964904204060        82156.42082815000      0.07000000029802322
        1445.111039060339        1529.150396743246        8941.952789156703        82156.42122853000     0.009999999776482582
        1521.353673272455        1429.997838535667        8889.958150490324        82156.42172006299        1.379999995231628
        1587.690916906447        1572.809243341499        8909.008917927802        82156.42207624500       0.3499999940395355
        1593.386119291118        1438.935293418072        9011.039183280844        82156.42221058600       0.8199999928474426
        1571.436151222402        1615.167134957330        8861.002321755584        82156.42232736100       0.3600000143051147
        1612.434825163794        1438.080650875390        8965.034598371552        82156.42265765500        1.330000042915344
        1754.353572617008        1343.197599577504        9001.017967726357        82156.42292296101       0.4699999988079071
        1722.629209717578        1222.866373533838        9078.950270270723        82156.42355862500        1.399999976158142
        1624.470323216917        1229.182355858766        8960.974739850968        82156.42374479200       0.6499999761581421
        1625.228624153284        1146.158218094846        9110.990047853786        82156.42444123801        1.179999947547913
        1780.513569620221        1144.897081980925        9012.049498890741        82156.42458856700        3.700000047683716
        1709.222467669816        1133.872379896431        9042.970343497984        82156.42469542701       0.1000000014901161
        1759.314169197058        1152.931384429629        8941.953327107160        82156.42485353199       0.7500000000000000
        1677.496099887756        1075.835108926658        9162.988826995308        82156.42535448700       0.3400000035762787
        1844.077356456026        1099.157309031677        9078.039549646837        82156.42549208400       0.4499999880790710
        1730.463411979167        922.0206531495355        9129.998851319597        82156.42585939600       0.3100000023841858
        1685.434434447420        1122.145559059709        9848.978777273262        82156.42596106300        2.140000104904175
        1666.176701184983        1108.873157359414        9093.986112921466        82156.42605106800        1.700000047683716
        1680.315044433483        1002.940867076788        9094.999987933199        82156.42649690701       0.2700000107288361
        1856.139804279078        933.9160810173148        9176.961871122519        82156.42681708600       0.5500000119209290
        1730.448100608999        905.0613006499129        9062.001286580142        82156.42706245701       0.3300000131130219
        1710.668731870377        849.9608879357997        8980.014202536942        82156.42733858200        1.570000052452087
        1719.188875967995        879.2275593116651        9180.007950556410        82156.42748184899       0.3100000023841858
        1629.486896588438        786.8076820998423        8957.043527336171        82156.42762118200      0.03999999910593033
        1717.024599892513        991.0808575051528        9082.992092637083        82156.42789898701        1.559999942779541
        1677.454594967742        777.8990078624147        8804.032211299504        82156.42839173200       0.2199999988079071
        1607.600611271677        822.8236248040416        8977.044514031020        82156.42862259901      0.01999999955296516
        1533.485952746007        752.0487220377839        8981.971866737693        82156.42885761400       0.4399999976158142
        1628.101395427198        830.0452944007626        9090.038393486398        82156.42904932500       0.3199999928474426
        1473.485539289976        860.1053676735668        9088.972293580367        82156.43029992300        1.610000014305115
        1431.157502002636        766.0377932863681        9163.993927772688        82156.43043972499       0.3899999856948853
        1411.365665195403        847.8104132983750        9110.987957859263        82156.43080352400        1.940000057220459
        1399.335248445538        866.8608973545562        8992.988031936311        82156.43090087301       0.4600000083446503
        1427.604352814121        816.0301073682767        9093.988506324386        82156.43159295600       0.4900000095367432
        1253.218562391004        805.8304021765385        9052.026362795372        82156.43205867401       0.4300000071525574
        1278.665682245557        810.9392761960029        9214.020680086333        82156.43326899300       0.6700000166893005
        1195.322245001375        758.7807567116262        8990.043230286987        82156.43342433400       0.5099999904632568
        1238.408816943759        804.1437423950736        9133.029463900255        82156.43369219700      0.05999999865889549
        1275.109123385980        779.9863545017872        9060.025254692380        82156.43386952800       0.1899999976158142
        1324.496299257373        807.9426504480946        8925.011723298281        82156.43423175201        1.629999995231628
        1313.236788510979        760.0768567307907        9068.019946417398        82156.43432060200        3.730000019073486
        1213.673662860427        743.1012431576462        8958.041622411785        82156.43444309600       0.6100000143051147
        1278.603365831267        630.8036562645452        8781.041084464559        82156.43541584900       0.8399999737739563
        1332.278476088847        659.2129294721541        8904.027249154839        82156.43596915501       0.4699999988079071
        1316.023776637212        654.1169989643583        8817.031139026732        82156.43605579800       0.3899999856948853
        1316.046413733944        571.0725216204200        8871.039129308858        82156.43628295600        3.279999971389771
        1321.689801844853        551.1552195377687        8836.039720375478        82156.43693593700       0.7400000095367432
        1310.368381403706        615.9752251282046        8754.036104931320        82156.43702618300       0.1099999994039536
        1283.554681919846        615.1303099514712        8818.041627508837        82156.43715111000       0.7599999904632568
        1257.465158779257        602.0057409909723        8969.048070501281        82156.43730156199       0.3000000119209290
        1324.522418868005        577.8555642115534        8896.036767403826        82156.43754543801        3.730000019073486
        1265.206195770165        605.8086454573084        8846.046179567436        82156.43766793900       0.3100000023841858
        1382.382222492189        540.1379270662147        8728.027827704493        82156.43881237900        1.610000014305115
        1245.452822135404        543.9450356928145        8875.955060791910        82156.43918179300        1.120000004768372
        1235.549913557956        440.1194595416445        8706.965005553238        82156.43978783800       0.2500000000000000
        1305.450132227345        393.0973525716966        8718.954193668633        82156.44001653700       0.2800000011920929
        1265.217528183884        404.9590211313512        8767.961539223767        82156.44017332900        1.070000052452087
        1275.060247889731        371.8970453910524        8539.961596862753        82156.44039840900       0.1800000071525574
        1241.201573891132        380.7990987348990        8686.967736401715        82156.44069910800       0.2099999934434891
        1329.446115990412        343.9461457279398        8650.952093673130        82156.44089913300       0.5400000214576721
        1238.382211330906        366.8170331722328        8700.969104672371        82156.44107640600       0.3700000047683716
        1210.153813456708        274.0199561832850        8694.979182051893        82156.44201440700       0.5000000000000000
        1196.048378345048        207.0725713176813        8725.984367355562        82156.44303532300       0.5500000119209290
        1060.495375503269        185.0224139116193        8696.008967306812        82156.44360220600      0.09000000357627869
        1220.055510759426        104.9595466279675        8674.982333603275        82156.44392408400        2.450000047683716
        1027.322179497507        190.9524211516847        8752.014209285788        82156.44407521600       0.6200000047683716
        1023.088443231381        202.8167250222232        8774.014521413732        82156.44431315899        1.669999957084656
        1028.028447279857        126.1230526339372        8710.015710186351        82156.44477865699       0.1299999952316284
        1169.220439082233        163.0021036367816        8694.990610636776        82156.44550807500       0.9100000262260437
        1203.109206308611        107.9231751315812        8663.985495207073        82156.44563289100       0.2599999904632568
        1287.135177263970       -26.80562090684624        8636.969989340063        82156.44683698101        1.370000004768372
        1368.342084829922        10.06855920145483        8740.953175841641        82156.44753859600       0.8500000238418579
        1755.154911172492        854.2115667358084        9019.001578162841        82156.49219724600       0.8600000143051147
       -394.5854792026315       -217.1417214369849        8983.984120044945        82156.51381215300      0.07000000029802322
       -923.3826862116595       -130.2361157851837        8794.031598051261        82156.53835251799       0.2000000029802322
        1318.162599168364        749.8978187003106        8983.020137913161        82156.57870554899        2.180000066757202
        1141.675074623452        260.0289494201244        8694.992363912865        82156.57910412500       0.9200000166893005
       -593.7141839547212      -0.1807335339019942        9366.972436147553        82156.68264626400        2.759999990463257
       -124.8665902171616        835.0236701471518        9337.043614236820        82156.68340884300        2.410000085830688
       -522.3738671273391       -128.9988139942966        8956.977353570444        82156.68371198799        1.509999990463257
       -577.4517065823539       -192.9797116088101        8985.970998154749        82156.68390239500       0.8899999856948853
        293.0668963400393        1563.868328517672        9258.001347941590        82156.68427095700        1.029999971389771
        353.0638831365361        1615.112774982505        9133.985514667802        82156.68446461001        1.120000004768372
       -601.4891762391582       -342.1445306532572        9222.962512422044        82156.68540720201       0.4399999976158142
       -560.5240958507760       -298.0722892479175        9115.968450892849        82156.68568407399        1.500000000000000
       -548.5375470142800       -384.9479864473648        9251.964829559953        82156.68644678000        1.279999971389771
       -612.7742193154099       -342.1368730689581        9093.961440508701        82156.68669356999       0.7599999904632568
       -586.6581287896200       -429.8548299373886        9128.958570309052        82156.68696391401        1.059999942779541
       -711.6616168076856       -645.1162887987341        9223.027310485226        82156.68909096099        2.680000066757202
       -630.4693635107561       -745.9783309836693        9261.024809584029        82156.68934783700      0.07000000029802322
       -649.5247806160717       -706.9841802777065        9190.027352420082        82156.68986441100       0.4499999880790710
       -575.4062929487461       -879.0490447576304        9332.013014845823        82156.68995330000       0.7099999785423279
       -536.5751679459432       -906.1801433616102        9392.012587154408        82156.69099853700        3.829999923706055
       -488.5494756982905       -812.1037787327828        9356.029135366283        82156.69109134001       0.2399999946355820
       -553.5124384276940       -1002.767081411966        9207.996656018682        82156.69179524400       0.5199999809265137
       -651.6874278402920       -1062.962346632887        9384.977638261000        82156.69381582500       0.5099999904632568
       -286.5957225828663       -926.9437855500003        9314.025686965342        82156.69500030600      0.05000000074505806
       -371.3473133742272       -974.0111139953989        9534.014300656430        82156.69514418300       0.1199999973177910
       -250.5901275563859       -949.8541883403541        9493.023823672718        82156.69535915300        1.899999976158142
