-7.298499920665482250e+02 -5.990929760360491230e+01 8.123958056319075695e+03
-8.668168698166531385e+02 -1.891188333843261944e+02 8.136038521783687429e+03
-1.326158486209905050e+02 1.150395788545366003e+02 8.037997584620188718e+03
-1.079049195445157068e+02 1.798557700719696868e+02 7.866996547512821053e+03
-7.755188215079537883e+01 1.959563989716216099e+02 7.929996512378330408e+03
-5.425489096080728046e+01 2.200968612160033899e+02 7.695995963208890316e+03
-1.177814990169301979e+02 3.077888580924391135e+02 7.626991470786461832e+03
1.728052498091552934e+03 1.118893143333144053e+03 8.178967888213925107e+03
1.472545689668861087e+03 8.040386230805124796e+02 8.035979803782637646e+03
1.109073235232752950e+03 3.570180561798201211e+02 8.030993877737638286e+03
7.757100952874976656e+02 1.311365710766617099e+02 6.425951574148313739e+03
5.012526373502208799e+02 1.379164252100019894e+02 7.410978852187138727e+03
9.960687631130205091e+02 -2.250873530074329096e+02 7.255018508123391257e+03
1.045373403758625045e+03 1.458060309892814985e+03 7.743047277883963034e+03
9.706341925457860498e+02 1.002234015846653961e+03 7.927047580630490302e+03
8.853276283339273505e+02 3.570050804803905748e+02 8.219028293668445258e+03
1.458170579718004092e+03 1.853766508984665961e+03 7.613963556870219691e+03
2.328206277303906973e+03 5.291053432986307143e+02 6.308953831210996213e+03
3.297150906427436894e+03 2.680539008224167219e+02 6.165043743502932557e+03
3.636431516666671996e+03 9.111394383783507465e+02 6.311000319118767038e+03
3.772447305838653847e+03 9.979828798608480156e+02 6.066008502635387231e+03
-4.296115850753586329e+01 2.518729173290278993e+02 7.762994870669441298e+03
