 x(m) y(m) z(m) time(s) chi2
        719.4724005089148        629.8925792675502        8733.027955784057        82066.75965696199        2.759999990463257
        751.2533529937594        552.7836983764688        8789.031465844140        82066.76109702300       0.9399999976158142
        758.3198795814747        510.8383952014365        8818.034137011795        82066.76141820700       0.2000000029802322
        780.2023390480348        518.0418807840330        8799.030921697302        82066.76192316800       0.9499999880790710
        771.0313724807224        496.0108979991797        8840.033789846208        82066.76308116299       0.8299999833106995
        666.5668570001894        438.8116796287543        9002.950126969705        82066.76515806800        3.410000085830688
        585.3752198331949        562.1190926769297        9075.047989449153        82066.76623019700       0.3000000119209290
        492.1788459314267        593.8915424761838        9046.953347488476        82066.76703652300       0.3000000119209290
        442.0663149330709        604.9253232013602        9247.955970820412        82066.76740691200      0.07000000029802322
        410.9974491566708        460.8375253178005        9088.970106453035        82066.76784804200       0.5299999713897705
        296.6313418221104        471.8638943752730        9269.975627781729        82066.76888726800       0.4900000095367432
        320.6326300958850        598.1433602034384        9278.963854422163        82066.76917898199       0.4000000059604645
        320.6384450560235        443.8985678823371        9290.976480931899        82066.76935994200        1.269999980926514
        315.7005388108710        457.0416945669841        9387.975796779829        82066.76956637300     0.009999999776482582
        273.3326659499339        438.8097133181402        9256.979030904426        82066.77015735600       0.7500000000000000
        207.6742487877864        448.9844029890810        9346.980791190466        82066.77120001700        1.129999995231628
        180.1407124118719        457.0410247470850        9427.981052969757        82066.77221006900       0.3799999952316284
        183.6712102119742        523.1522630176814        9480.975862085381        82066.77326621600       0.6299999952316284
        169.5517231750453        445.1796312783671        9486.982183368878        82066.77377131300        4.860000133514404
        149.0728010115354        462.1206878810567        9359.981485765378        82066.77382749900       0.6600000262260437
        128.6016145341672        418.9085529779348        9532.984921461728        82066.77538178000      0.03999999910593033
       -70.50669987170031        551.1145738976713        9426.975751307074        82066.77740506800       0.5699999928474426
       -209.5963674890588        552.8091546027483        9397.972557779593        82066.77867726600        1.169999957084656
       -333.8732841206864        582.9256600525607        9681.964590951548        82066.78001667099       0.2899999916553497
       -303.5028808640041        563.8359119818881        9470.967823139365        82066.78022175501       0.1500000059604645
        606.5565934713076        527.7968022665773        9065.048953943216        82066.78763544800       0.1099999994039536
        27.63284511431848        638.8258829203842        9355.967880853004        82066.78919644799       0.1299999952316284
        168.1379235424250        468.9069400247325        9438.980516758747        82066.79086423900      0.07000000029802322
       -219.4825302370779        630.7909734482803        9496.964975815605        82066.79128776900        1.480000019073486
       -213.8384304130639        618.0894111087792        9615.966413801394        82066.79187907001       0.1899999976158142
       -207.4824089409632        659.1935069413530        9597.962498838026        82066.79412759800        0.000000000000000
       -226.5475177840929        685.8985424490072        9661.959030458387        82066.79513850401      0.01999999955296516
       -238.5469111789597        660.8841377272785        9547.961239796748        82066.79546483100        1.309999942779541
       -232.8998245594820        724.8822257351814        9626.954481715113        82066.79560107600        1.169999957084656
       -277.3937240977954        713.8968990303638        9908.953949980567        82066.79582180500        4.800000190734863
       -219.4845354805109        843.9722577662391        9699.039889542286        82066.79650874699        3.900000095367432
       -262.5590855949619        776.1789367445797        9784.046894675246        82066.79668083201       0.2599999904632568
       -296.4440050798518        799.0492887459371        9664.042582580498        82066.79750257600        4.659999847412109
       -209.5966250275643        772.7594109510956        9554.049264206931        82066.79876628400        4.250000000000000
       -210.2973625246049        865.1278797218179        9455.037355618661        82066.80023854200       0.3499999940395355
       -257.6074802959659        830.8223339367438        9594.040196417962        82066.80070239000        1.860000014305115
       -394.5717434515983        818.0965025808484        9459.034858802901        82066.80116404800        1.169999957084656
       -259.7205573945679        929.1292442558336        9536.026519028836        82066.80215719200       0.2599999904632568
       -255.4835683428618        924.0404158310905        9512.027430266719        82066.80284087200      0.01999999955296516
       -267.4826443988152        876.9871240033431        9400.033595608527        82066.80356884400        1.429999947547913
       -277.3707516788832        924.0423370329185        9521.026518136112        82066.80389795800        2.190000057220459
       -341.6175435229895        851.9932855776156        9442.033459848411        82066.80524376400        3.359999895095825
       -330.3140802857125        873.1641511782490        9319.031183287565        82066.80552286800        2.440000057220459
       -324.6610323752413        848.1471094387356        9204.034854546251        82066.80629804700       0.2199999988079071
       -318.3142326680215        793.0731265890959        9311.042275539941        82066.80643674301        3.549999952316284
       -279.4763738302872        849.8382551360701        9186.036763409791        82066.80782455301       0.7099999785423279
       -398.8017161188921        765.1099654411785        9324.041185166694        82066.80797848001        1.500000000000000
       -420.6884006900763        713.8329829656333        9292.045739906491        82066.80886244400       0.9900000095367432
        258.5064177761244        396.8569678968251        9239.982401631238        82066.81566015200      0.09000000357627869
        314.2831616091523        212.9474370346927        9115.988713487155        82066.81760462601       0.3300000131130219
        277.5700932687128        301.9354947907159        9192.986813271387        82066.81780629299        0.000000000000000
        329.1184657149087        232.8703381465373        9295.987269651216        82066.81798289200      0.05999999865889549
        342.5336898351845        226.9382754195354        9295.986779347402        82066.81846977799       0.2199999988079071
        365.1192888776254        273.1233981972739        9184.983714911788        82066.81869919800        1.919999957084656
        214.0261968939591        220.1483758606552        9119.992610433846        82066.81924616000       0.4300000071525574
        202.7372066880911        240.0734583231650        9371.992258252478        82066.81943897200       0.4099999964237213
        298.0514870895558        196.8491590043218        9257.990009216222        82066.81995165499       0.1800000071525574
        212.6258798508997        212.1088631227296        9467.992930549370        82066.82062108400       0.2399999946355820
        204.1510886782594        179.0527695043831        9385.994222427482        82066.82084109700        3.990000009536743
        95.41430602434315        171.8425931774865        9216.996968232615        82066.82148388200      0.05999999865889549
        31.16369967676443        141.7549649689254        9165.998345425527        82066.82230450700       0.3499999940395355
       -39.44162513184814        173.9635289414804        9311.997500910069        82066.82269402800       0.4300000071525574
       -106.5176898050219        145.9964609941945        9318.997438306405        82066.82399600300        1.820000052452087
      -0.6083435600167613        276.9296021963311        9173.993975177880        82066.82443256900        1.820000052452087
       -105.8104927628612        120.1458263276913        9232.997990499862        82066.82468583900        1.059999942779541
       -85.33347655842218        246.8455558496970        9210.994643708560        82066.82515012300        3.019999980926514
        732.1980482903498        714.2372838777106        8950.017606862737        82066.83637858801       0.5600000023841858
        750.5553020898059        790.9421696724277        9017.006408793382        82066.83800068600      0.07999999821186066
       -232.9041063041383        646.9142321180004        9691.962883854110        82066.84879728900       0.1599999964237213
       -256.8844441917647        815.9347527424381        9161.042147474142        82066.85006289800        2.029999971389771
       -377.6025546545431        771.0038703257476        9012.041758134590        82066.85046821801       0.6899999976158142
       -399.4984070386034        913.8409388702120        9275.021524086726        82066.85059203100        4.070000171661377
       -566.8159609653330        778.2315628492543        9133.026905672956        82066.85237635700       0.6100000143051147
       -482.8035756098159        693.8974312248112        9089.043554330337        82066.85260404900       0.6399999856948853
       -469.3879848082649        732.0336314081735        9092.040281159849        82066.85269270399       0.5400000214576721
       -511.7571985190764        729.0831631009220        9210.037370210141        82066.85290647500       0.3799999952316284
       -473.6309404826622        732.8922602192561        9187.039870343242        82066.85407348600        1.779999971389771
       -500.4559234998121        651.9484744798812        9092.046632384192        82066.85622094100        1.179999947547913
       -442.5590176111274        648.1243970727363        9017.951682527117        82066.85840925500        1.870000004768372
       -526.5822809361705        535.8431988561255        9066.955758833881        82066.85896051100        1.580000042915344
       -544.2470008703705        340.9270587517393        9106.967705741665        82066.86028750399        1.490000009536743
       -587.3326532584032        321.8706755065907        9291.964886434040        82066.86129387100       0.4799999892711639
       -534.3420790285834        359.1341196504820        8872.967538635143        82066.86140531200       0.2399999946355820
       -489.8788432708346        323.1235569230280        9038.973030874762        82066.86186784200       0.2099999934434891
       -534.3676403597472        351.9474462907559        9173.967939498039        82066.86199302500      0.01999999955296516
       -572.4813450851390        349.8235266264139        9038.964756958541        82066.86260995000        3.049999952316284
       -475.7684532793328        340.9275556847916        9184.973168196244        82066.86299953199        1.080000042915344
       -622.6317800659514        135.8422445955078        9133.968234901700        82066.86377248001       0.1700000017881393
       -634.6154335758446        205.7557586658980        8988.965179718325        82066.86410835999        1.200000047683716
       -525.9077472894386        290.0852727409839        9283.971761630857        82066.86455253699       0.9700000286102295
       -673.4551188793661        177.7938411255950        9050.962049664698        82066.86466823300       0.8199999928474426
       -626.8511566928985        101.9400540413024        8938.968454976350        82066.86482790500        4.460000038146973
       -498.3666367505928        301.0984979261275        9223.973455811371        82066.86493122700       0.1500000059604645
       -545.6669490972658        328.2192668696943        9190.968253170186        82066.86503475400       0.3700000047683716
       -701.6956211819754        176.9482204299783        9043.959036294551        82066.86522206700       0.2399999946355820
       -641.7118929167971        296.0308311263618        9410.960915213866        82066.86546073000       0.1099999994039536
       -648.7664997757596        173.1369498767958        9268.964732001223        82066.86556263600        4.590000152587891
       -841.5066894557090        74.83998234865429        9106.043793822035        82066.86755242699        4.820000171661377
       -932.5543407465781        238.8317834699174        8997.027120369909        82066.86788754800        1.279999971389771
        674.2930243738665        698.9622405424374        8800.025669968005        82066.87591850100       0.1500000059604645
        775.2398586378453        720.1519902993954        8765.011863874995        82066.87657230000       0.1299999952316284
        906.6733775536970        749.0827002799676        9667.991252076765        82066.87688903100        4.500000000000000
        753.3753012718543        714.2369220180121        8932.015146428459        82066.87720896699        1.659999966621399
        866.3188703415549        768.0531179382850        8873.994572688563        82066.87811423100       0.2000000029802322
        793.6197041658332        707.0395914984540        8957.011081777206        82066.87822181900       0.1199999973177910
        951.7270023123309        1010.019399693921        8944.049216518193        82066.87866233100        3.799999952316284
        748.4168596128570        848.9754831913040        8880.999180562119        82066.87925014200      0.03999999910593033
        728.6511601153596        890.9282234872220        8919.995729654842        82066.87937418700        2.559999942779541
        734.3035041483204        873.9835192261851        8948.997432971966        82066.87947173900       0.5699999928474426
        720.1722220599976        882.8668941557266        8848.997812575928        82066.87955152300       0.3700000047683716
        711.7058774154775        885.8389992494056        8896.998348373565        82066.87969812800       0.5699999928474426
        1002.584559464753        705.7843008499108        8921.981868191795        82066.87983758200       0.2700000107288361
        601.5704605203190        907.0112899345961        8852.006676508243        82066.88113682500       0.3400000035762787
        613.5677573344473        923.1092018857281        8822.003221400286        82066.88127495399      0.03999999910593033
        523.2265086434453        829.9091761429518        9007.024090964404        82066.88257889700        3.690000057220459
        576.1619899610107        1021.014135229584        8993.991750612027        82066.88282715900      0.05999999865889549
        575.4557589700992        1032.879429782281        8998.989899725957        82066.88297484700       0.3000000119209290
        573.3388756509493        1031.185988179308        9008.990364675021        82066.88316876400      0.05000000074505806
        536.6364025596758        1054.930518841860        9114.989660804866        82066.88371165300        1.879999995231628
        559.2133876318198        1062.956850535843        8958.986387860892        82066.88382559200       0.2800000011920929
        592.3910496926484        1057.869607328420        8931.984247130438        82066.88419891700        2.529999971389771
        654.5056196415122        1129.900337816678        8890.965809013624        82066.88492042600       0.1899999976158142
        583.2267754868668        1068.911352268126        9082.983247474176        82066.88600597200      0.03999999910593033
        602.2899955942482        1107.057405349189        9130.974960162492        82066.88770295199        1.539999961853027
        711.7284620309398        1121.918524886940        9258.961115278817        82066.88827346300       0.1199999973177910
        724.4055940952405        1327.835081699640        9128.020645062081        82066.88917084799        1.649999976158142
        765.3863598533806        1054.119434997172        9239.966507156962        82066.88971091701       0.1400000005960464
        676.4202468338392        987.9833905683842        9082.987144920222        82066.88980333300       0.9399999976158142
        791.5138845441647        1058.791472860839        9291.962551850007        82066.88998032600       0.3100000023841858
        728.6547257938362        1176.986165113478        9144.049846802260        82066.89034377500        1.299999952316284
        834.5530018043663        1310.921631219744        9260.010727240402        82066.89167176600        1.980000019073486
        886.0748185933122        1315.991259495728        9163.002745841497        82066.89197084300       0.3799999952316284
        823.2629982650175        1341.020236878630        9323.005922185259        82066.96060972700       0.5099999904632568
