7.194724005089148022e+02 6.298925792675502180e+02 8.733027955784056758e+03
7.512533529937594494e+02 5.527836983764688057e+02 8.789031465844140257e+03
7.583198795814746518e+02 5.108383952014365263e+02 8.818034137011794883e+03
7.802023390480347871e+02 5.180418807840329691e+02 8.799030921697301892e+03
7.710313724807224389e+02 4.960108979991796900e+02 8.840033789846207583e+03
6.665668570001894295e+02 4.388116796287542911e+02 9.002950126969704797e+03
5.853752198331949330e+02 5.621190926769296539e+02 9.075047989449152738e+03
4.921788459314266788e+02 5.938915424761837585e+02 9.046953347488475629e+03
4.420663149330708848e+02 6.049253232013602428e+02 9.247955970820412404e+03
4.109974491566708252e+02 4.608375253178004982e+02 9.088970106453034532e+03
2.966313418221104143e+02 4.718638943752729915e+02 9.269975627781728690e+03
3.206326300958850197e+02 5.981433602034384194e+02 9.278963854422163422e+03
3.206384450560234995e+02 4.438985678823370904e+02 9.290976480931898550e+03
3.157005388108710235e+02 4.570416945669841198e+02 9.387975796779828670e+03
2.733326659499339257e+02 4.388097133181402114e+02 9.256979030904425599e+03
2.076742487877864107e+02 4.489844029890809907e+02 9.346980791190466334e+03
1.801407124118719025e+02 4.570410247470849754e+02 9.427981052969757002e+03
1.836712102119741985e+02 5.231522630176814346e+02 9.480975862085380868e+03
1.695517231750453107e+02 4.451796312783670828e+02 9.486982183368878395e+03
1.490728010115354039e+02 4.621206878810567105e+02 9.359981485765378238e+03
1.286016145341671972e+02 4.189085529779347894e+02 9.532984921461727936e+03
-7.050669987170030595e+01 5.511145738976713346e+02 9.426975751307074461e+03
-2.095963674890587924e+02 5.528091546027483218e+02 9.397972557779592535e+03
-3.338732841206863782e+02 5.829256600525607155e+02 9.681964590951547507e+03
-3.035028808640041120e+02 5.638359119818881027e+02 9.470967823139364555e+03
6.065565934713075649e+02 5.277968022665772878e+02 9.065048953943216475e+03
2.763284511431848145e+01 6.388258829203841742e+02 9.355967880853004317e+03
1.681379235424249998e+02 4.689069400247324779e+02 9.438980516758747399e+03
-2.194825302370778957e+02 6.307909734482802833e+02 9.496964975815604703e+03
-2.138384304130638895e+02 6.180894111087792453e+02 9.615966413801394083e+03
-2.074824089409632109e+02 6.591935069413530073e+02 9.597962498838025567e+03
-2.265475177840928893e+02 6.858985424490072091e+02 9.661959030458387133e+03
-2.385469111789597036e+02 6.608841377272784712e+02 9.547961239796748487e+03
-2.328998245594819991e+02 7.248822257351813505e+02 9.626954481715112706e+03
-2.773937240977954275e+02 7.138968990303637838e+02 9.908953949980566904e+03
-2.194845354805109139e+02 8.439722577662390677e+02 9.699039889542285891e+03
-2.625590855949619140e+02 7.761789367445796870e+02 9.784046894675246222e+03
-2.964440050798518200e+02 7.990492887459371332e+02 9.664042582580497765e+03
-2.095966250275643006e+02 7.727594109510955604e+02 9.554049264206931184e+03
-2.102973625246048925e+02 8.651278797218178624e+02 9.455037355618660513e+03
-2.576074802959658996e+02 8.308223339367438030e+02 9.594040196417961852e+03
-3.945717434515983086e+02 8.180965025808484370e+02 9.459034858802900999e+03
-2.597205573945678907e+02 9.291292442558335551e+02 9.536026519028835537e+03
-2.554835683428617870e+02 9.240404158310905132e+02 9.512027430266718511e+03
-2.674826443988151823e+02 8.769871240033430695e+02 9.400033595608527321e+03
-2.773707516788832095e+02 9.240423370329184536e+02 9.521026518136111918e+03
-3.416175435229894788e+02 8.519932855776155520e+02 9.442033459848411439e+03
-3.303140802857125209e+02 8.731641511782489715e+02 9.319031183287565000e+03
-3.246610323752412910e+02 8.481471094387355834e+02 9.204034854546251154e+03
-3.183142326680214751e+02 7.930731265890958639e+02 9.311042275539941329e+03
-2.794763738302871730e+02 8.498382551360700745e+02 9.186036763409791092e+03
-3.988017161188921023e+02 7.651099654411784741e+02 9.324041185166694049e+03
-4.206884006900763211e+02 7.138329829656332777e+02 9.292045739906490780e+03
2.585064177761244082e+02 3.968569678968250969e+02 9.239982401631237735e+03
3.142831616091522733e+02 2.129474370346927117e+02 9.115988713487155110e+03
2.775700932687128102e+02 3.019354947907158930e+02 9.192986813271387291e+03
3.291184657149087229e+02 2.328703381465373070e+02 9.295987269651215684e+03
3.425336898351844752e+02 2.269382754195353868e+02 9.295986779347402262e+03
3.651192888776254222e+02 2.731233981972739002e+02 9.184983714911788411e+03
2.140261968939591100e+02 2.201483758606551930e+02 9.119992610433846494e+03
2.027372066880911063e+02 2.400734583231649992e+02 9.371992258252477768e+03
2.980514870895557920e+02 1.968491590043217911e+02 9.257990009216222461e+03
2.126258798508997074e+02 2.121088631227295878e+02 9.467992930549369703e+03
2.041510886782594127e+02 1.790527695043830931e+02 9.385994222427481873e+03
9.541430602434314778e+01 1.718425931774864921e+02 9.216996968232615473e+03
3.116369967676443054e+01 1.417549649689254068e+02 9.165998345425527077e+03
-3.944162513184814145e+01 1.739635289414804049e+02 9.311997500910068993e+03
-1.065176898050219023e+02 1.459964609941945071e+02 9.318997438306405456e+03
-6.083435600167612645e-01 2.769296021963310750e+02 9.173993975177880202e+03
-1.058104927628612018e+02 1.201458263276912959e+02 9.232997990499861771e+03
-8.533347655842217705e+01 2.468455558496970070e+02 9.210994643708560034e+03
7.321980482903497887e+02 7.142372838777106381e+02 8.950017606862737011e+03
7.505553020898058776e+02 7.909421696724276671e+02 9.017006408793382434e+03
-2.329041063041383097e+02 6.469142321180004274e+02 9.691962883854110260e+03
-2.568844441917647146e+02 8.159347527424381497e+02 9.161042147474141530e+03
-3.776025546545430984e+02 7.710038703257475845e+02 9.012041758134590054e+03
-3.994984070386033750e+02 9.138409388702119713e+02 9.275021524086725549e+03
-5.668159609653330335e+02 7.782315628492542601e+02 9.133026905672955763e+03
-4.828035756098158799e+02 6.938974312248111573e+02 9.089043554330337429e+03
-4.693879848082648891e+02 7.320336314081735054e+02 9.092040281159848746e+03
-5.117571985190763826e+02 7.290831631009219791e+02 9.210037370210140580e+03
-4.736309404826621972e+02 7.328922602192560589e+02 9.187039870343242001e+03
-5.004559234998121156e+02 6.519484744798811562e+02 9.092046632384191980e+03
-4.425590176111273877e+02 6.481243970727363148e+02 9.017951682527116645e+03
-5.265822809361704913e+02 5.358431988561254684e+02 9.066955758833881191e+03
-5.442470008703704707e+02 3.409270587517393096e+02 9.106967705741664759e+03
-5.873326532584031838e+02 3.218706755065907146e+02 9.291964886434039727e+03
-5.343420790285833846e+02 3.591341196504819777e+02 8.872967538635142773e+03
-4.898788432708345795e+02 3.231235569230279907e+02 9.038973030874762117e+03
-5.343676403597471563e+02 3.519474462907559200e+02 9.173967939498039414e+03
-5.724813450851389689e+02 3.498235266264139227e+02 9.038964756958541329e+03
-4.757684532793327890e+02 3.409275556847916278e+02 9.184973168196243932e+03
-6.226317800659513750e+02 1.358422445955077933e+02 9.133968234901700271e+03
-6.346154335758445768e+02 2.057557586658979858e+02 8.988965179718325089e+03
-5.259077472894385892e+02 2.900852727409838963e+02 9.283971761630857145e+03
-6.734551188793660685e+02 1.777938411255950086e+02 9.050962049664698498e+03
-6.268511566928984848e+02 1.019400540413024032e+02 8.938968454976349676e+03
-4.983666367505928179e+02 3.010984979261274930e+02 9.223973455811370513e+03
-5.456669490972658423e+02 3.282192668696943088e+02 9.190968253170185562e+03
-7.016956211819754117e+02 1.769482204299783064e+02 9.043959036294550970e+03
-6.417118929167970691e+02 2.960308311263618180e+02 9.410960915213865519e+03
-6.487664997757595984e+02 1.731369498767957964e+02 9.268964732001222728e+03
-8.415066894557089654e+02 7.483998234865428856e+01 9.106043793822034786e+03
-9.325543407465780774e+02 2.388317834699174114e+02 8.997027120369908516e+03
6.742930243738665013e+02 6.989622405424373710e+02 8.800025669968004877e+03
7.752398586378452592e+02 7.201519902993953792e+02 8.765011863874995470e+03
9.066733775536970370e+02 7.490827002799676393e+02 9.667991252076764795e+03
7.533753012718542550e+02 7.142369220180121374e+02 8.932015146428459047e+03
8.663188703415548844e+02 7.680531179382850269e+02 8.873994572688563494e+03
7.936197041658332409e+02 7.070395914984540013e+02 8.957011081777205618e+03
9.517270023123309102e+02 1.010019399693920946e+03 8.944049216518193134e+03
7.484168596128570243e+02 8.489754831913039652e+02 8.880999180562119363e+03
7.286511601153596303e+02 8.909282234872219988e+02 8.919995729654841853e+03
7.343035041483203713e+02 8.739835192261850807e+02 8.948997432971966191e+03
7.201722220599975799e+02 8.828668941557266407e+02 8.848997812575928037e+03
7.117058774154775165e+02 8.858389992494055605e+02 8.896998348373565022e+03
1.002584559464753056e+03 7.057843008499107782e+02 8.921981868191795002e+03
6.015704605203189885e+02 9.070112899345961068e+02 8.852006676508242890e+03
6.135677573344472648e+02 9.231092018857281118e+02 8.822003221400285838e+03
5.232265086434452996e+02 8.299091761429517646e+02 9.007024090964403513e+03
5.761619899610107041e+02 1.021014135229583985e+03 8.993991750612027317e+03
5.754557589700991684e+02 1.032879429782281022e+03 8.998989899725957002e+03
5.733388756509492623e+02 1.031185988179307969e+03 9.008990364675020828e+03
5.366364025596758438e+02 1.054930518841860021e+03 9.114989660804865707e+03
5.592133876318198418e+02 1.062956850535842932e+03 8.958986387860892137e+03
5.923910496926483802e+02 1.057869607328419988e+03 8.931984247130438234e+03
6.545056196415122258e+02 1.129900337816678075e+03 8.890965809013623584e+03
5.832267754868668135e+02 1.068911352268125938e+03 9.082983247474176096e+03
6.022899955942482393e+02 1.107057405349188912e+03 9.130974960162491698e+03
7.117284620309397951e+02 1.121918524886940077e+03 9.258961115278816578e+03
7.244055940952405308e+02 1.327835081699640114e+03 9.128020645062080803e+03
7.653863598533805543e+02 1.054119434997171993e+03 9.239966507156961598e+03
6.764202468338392009e+02 9.879833905683841522e+02 9.082987144920221908e+03
7.915138845441647391e+02 1.058791472860838894e+03 9.291962551850007003e+03
7.286547257938361781e+02 1.176986165113477909e+03 9.144049846802259708e+03
8.345530018043663176e+02 1.310921631219744086e+03 9.260010727240402048e+03
8.860748185933122159e+02 1.315991259495727945e+03 9.163002745841497017e+03
8.232629982650174725e+02 1.341020236878629930e+03 9.323005922185258896e+03
