 x(m) y(m) z(m) time(s) chi2
       -1506.650026193904        920.8208561077057        9887.956100485058        77919.02741531300        2.910000085830688
       -1610.747204944909        435.0408308700882        7969.982399571955        77919.03025319400       0.5699999928474426
       -1488.607143128768        718.8876990701885        8071.986274582257        77919.03065731200       0.2599999904632568
       -1627.700001086751        545.2067052420346        8088.969624595736        77919.03071779299        1.490000009536743
       -1501.346632823977        732.0410034768637        8223.981801106995        77919.03082038699        1.610000014305115
       -1632.616397483569        562.1468581399341        8002.966893857410        77919.03098757099        1.250000000000000
       -1670.767275483758        557.0802612577556        8125.957487182743        77919.03112474301       0.2800000011920929
       -1532.457969396708        296.9214851483634        8147.009595273626        77919.03144653600       0.1599999964237213
       -1845.905119857209        577.0501079808238        8398.007158964710        77919.03219846101      0.01999999955296516
       -1628.473109878963        204.1516215906539        8122.989510076181        77919.03238261399        1.159999966621399
       -1930.649486314125        596.1445884925605        8519.980375179674        77919.03249244000        1.240000009536743
       -2013.972644042042        611.8466408567875        8600.953184534830        77919.03267365599        1.070000052452087
       -1507.864951190438        527.8741957301047        8787.000495908393        77919.03308660400       0.5199999809265137
       -1591.838198850811        488.8921004753561        8608.983248174934        77919.03355494900        1.169999957084656
       -2050.685749447029        713.1293784470070        8681.031561284706        77919.03371125800       0.1899999976158142
       -2165.812774168292        805.1296936603787        8911.982639206290        77919.03398742501        1.039999961853027
       -1526.381257853322        485.9782773823161        9432.999459657001        77919.03456934899       0.8199999928474426
       -2369.903366877850        720.0228328896198        9032.020064196657        77919.03491439800       0.9100000262260437
       -2079.739316916359        1069.150818012305        9257.972362464630        77919.03517741100       0.7599999904632568
       -2033.751574177518        1077.988142488907        8953.985644679606        77919.03552642200       0.6000000238418579
       -2071.968694182020        1053.889954766557        9232.977428835511        77919.03591489200       0.5899999737739563
       -2030.372728955414        1056.877413755481        9414.990288858577        77919.03606983100       0.3199999928474426
       -2028.284985624829        1111.141430891614        9546.981718194713        77919.03653975201        1.230000019073486
       -2673.486913349904        651.8795712981919        9007.007284186780        77919.03705124601        1.279999971389771
       -2587.327159695612        623.0328901143456        8916.045611541473        77919.03802906000       0.8299999833106995
       -1509.353165716997        1306.844480628820        9634.987511172161        77919.03850359900       0.5299999713897705
       -1539.723904992340        1366.197522983865        9725.967812113191        77919.03890620300        1.200000047683716
       -1311.620389978447        1321.175107930441        9402.028158633220        77919.03908117300       0.1700000017881393
       -1507.911768319715        1352.168312126335        9540.978379371809        77919.03929186000       0.3799999952316284
       -1503.709951600035        1328.039682983266        9669.984455412732        77919.03951049200       0.3799999952316284
       -1525.594410429487        1306.001988159449        9646.983830462877        77919.03972070200       0.5000000000000000
       -2809.729239023013        587.0807711120498        8931.955164484913        77919.03984036500       0.5299999713897705
       -2803.517234282877        615.9256359448588        9274.955199727012        77919.04016327100        1.210000038146973
       -2864.866709242739        559.9908429264677        9071.033738325545        77919.04025829901       0.8299999833106995
       -1149.954372155411        1474.161078332037        9529.025687396839        77919.04062154700       0.1299999952316284
       -1162.619582140156        1483.008650136129        9301.021331876882        77919.04070945700       0.8399999737739563
       -2896.406104067549        585.8032150773134        8579.017152817947        77919.04079760500       0.2099999934434891
       -1248.867757423567        1475.110564052472        9915.006931603824        77919.04090768800       0.1299999952316284
       -2942.556460614969        501.1169309285316        9095.003366866997        77919.04149446401       0.7099999785423279
       -3020.264304236019        546.0687904197282        9223.963449324569        77919.04175940000        1.940000057220459
       -2980.798410668886        626.1650484248038        9430.974616914693        77919.04199852800       0.5799999833106995
       -3042.854624350787        537.1763706644401        9212.953494194899        77919.04218685800        2.730000019073486
       -878.8930163016503        1427.147750593022        9769.979803591621        77919.04264746900        1.809999942779541
       -943.8331561690236        1483.081260726499        9716.957759455043        77919.04300444100       0.8299999833106995
       -845.6986718578924        1536.054105450038        9755.958929316414        77919.04324050801        1.169999957084656
       -3452.357797568334        369.9309545191775        9119.957602318091        77919.04425119401        1.919999957084656
       -3484.909136001144        380.1211600243029        9263.038974040046        77919.04488516900       0.7799999713897705
       -789.9536807412758        1333.925888090808        9859.011630754123        77919.04562621799        2.210000038146973
       -758.9059279347455        1291.992619028901        9980.024043751424        77919.04573073301        1.779999971389771
       -3709.402609604849        436.9883232967508        9255.008637048184        77919.04607296600        1.309999942779541
       -591.5781368957830        1181.791319744640        9970.962540096494        77919.04680293500        2.380000114440918
       -702.3932372426603        1511.913084042684        9866.982059867141        77919.04689929599     0.009999999776482582
       -3806.541096421748        492.0791058003050        8798.048028805513        77919.04752284000        1.409999966621399
       -729.9381997521140        1558.137810824797        9986.967831926746        77919.04766418500        1.299999952316284
       -719.3485568435364        1542.879492593634        9983.972748517295        77919.04797779700        1.649999976158142
       -3863.306234743724        531.1259586533299        9299.010935092803        77919.04819254500       0.9499999880790710
       -754.6459913701588        1597.976648197568        9985.955087286999        77919.04832175100       0.7799999713897705
       -764.5418750216246        1525.095195595535        10032.97179264495        77919.04937107400        1.779999971389771
       -4022.964225463979        837.1890520535161        9655.979260538486        77919.04952063999        4.030000209808350
       -3809.759899111930        824.8152504415755        9685.011851243056        77919.04964361399        1.259999990463257
       -696.7804024629881        1472.992808879153        10164.99180928362        77919.04986159400        4.289999961853027
       -406.5749842961021        1613.217451253993        10006.98284644935        77919.05034878700       0.1899999976158142
       -386.8284715533404        1216.134592943705        10107.97173742168        77919.05094264900        1.090000033378601
       -3911.962542556241        907.8848037189913        9455.038400934096        77919.05104286900        1.190000057220459
       -4094.977892421801        921.9828261956825        9708.022428488981        77919.05129400099       0.5199999809265137
       -471.5456907911496        1579.788583131563        10201.98677649469        77919.05138255400        1.009999990463257
       -432.7213844312968        1166.964473921473        10050.97799973028        77919.05171894700       0.3000000119209290
       -523.7723687299293        1742.071018299667        10052.03997210240        77919.05193644400        1.549999952316284
       -408.0173149861645        1194.114568758962        10198.97459127124        77919.05202745700       0.6499999761581421
       -245.6247962688801        1055.957100843700        10267.00730907049        77919.05288217100        2.119999885559082
       -4108.373527400230        1085.157810337445        9787.988126302715        77919.05304991100        1.419999957084656
       -3868.814072836257        957.0085377429623        9353.957827596794        77919.05345129799       0.7500000000000000
       -3924.682841212988        971.0403100820755        9517.021296640389        77919.05355204400        1.129999995231628
       -3873.926860575051        848.9803963135937        9562.970098692942        77919.05378142399        1.309999942779541
       -3824.384765358685        1040.069438769855        9491.971550762215        77919.05474626301        4.170000076293945
        273.3607582510319        963.9895449109806        10268.02077524993        77919.05511770200        1.049999952316284
       -4064.941035422839        1014.868760968634        10279.02758355925        77919.05536924500        2.470000028610229
        234.5266418232598        941.9547127463505        10300.02561643535        77919.05578181500        2.529999971389771
        271.2387984380638        968.2150381718517        10185.02022326963        77919.05591763199       0.9499999880790710
       -3963.475564026677        937.1425059104773        9432.002432952397        77919.05622287100        4.909999847412109
       -3926.697578541891        1202.839998646430        9504.980472611358        77919.05663784299       0.3199999928474426
       -3833.504616402370        1252.812918059328        9538.027388958042        77919.05727458400       0.9800000190734863
        351.7152366752845        935.1074321613598        9825.021248777963        77919.05806797500       0.5299999713897705
        540.2805774670067        1094.999763300960        10494.98261153591        77919.05822841100        1.529999971389771
       -3798.986551787028        1280.797368657014        9685.042449039953        77919.05837724599       0.3000000119209290
       -3840.535912843598        1265.944870147806        9499.020563608030        77919.05877288900        1.830000042915344
       -3902.716195559625        1157.912041421007        9512.003487758453        77919.05968960600       0.2500000000000000
        546.6150707066669        1077.156328161156        10241.98511297550        77919.05977816699        1.309999942779541
       -3786.875637957208        1275.245953212586        9497.951101398521        77919.05997683600        1.269999980926514
        648.9983948498869        1147.100202048482        10284.96332333840        77919.06018430799       0.7200000286102295
       -3732.546654631970        1245.144009964927        9533.989012355907        77919.06040665301        1.990000009536743
       -4076.301240135021        1372.225905871726        10617.95342564574        77919.06066166901        3.130000114440918
        550.1290399619126        1122.900280982357        10080.97690362909        77919.06117107900        1.649999976158142
       -4127.652213447440        1354.995102551135        9210.023464638760        77919.06323134800        1.769999980926514
       -4161.728720912298        1377.958962641344        9517.996517936288        77919.06332069800       0.3700000047683716
       -4191.394450300848        1381.791140173395        9541.976316227359        77919.06344213701       0.6600000262260437
       -4172.353936248580        1509.789463107284        9660.959722526391        77919.06446141000       0.3000000119209290
       -4245.812555923925        1355.132099441695        9609.045771918354        77919.06528121899       0.9399999976158142
       -4178.257664151671        1387.999885723355        8889.983408048809        77919.06561616600        1.389999985694885
       -4247.273336248217        1370.830470553774        9693.041460688921        77919.06573979399       0.2700000107288361
       -4100.602926284570        1290.070794270813        8818.954662161632        77919.06587275999        1.440000057220459
       -4385.991893813733        1515.119763834102        10286.01584994399        77919.06687350800        3.940000057220459
       -4287.604544256276        1344.174513474444        9807.020258445904        77919.06799548300       0.9399999976158142
       -4333.620790914809        1234.879550522214        9917.011408363305        77919.06852535599        1.110000014305115
       -4359.511461248673        1293.099961060887        10649.98243454153        77919.06867976600        2.549999952316284
       -4256.594704183583        1386.987464060000        9919.031817825178        77919.06883936400       0.4000000059604645
       -4317.243485572265        1646.125608554034        8944.029750484511        77919.06963355200        3.809999942779541
       -4321.308731891397        1620.053198740031        9719.033896510924        77919.06997984400       0.6499999761581421
       -4467.354509144672        1714.028640272462        10656.00879327969        77919.07011294900       0.8700000047683716
       -4394.469651701130        1575.911611719277        9306.995009198763        77919.07047701599      0.09000000357627869
       -4295.722401915743        1753.063972672504        9555.015849046178        77919.07068467700       0.2399999946355820
       -4404.462435858572        1619.186961227432        9494.977322176299        77919.07090756900        2.680000066757202
       -4371.431268877408        1667.123010853266        9745.987681140741        77919.07106393800       0.4199999868869781
       -4404.942333696104        1688.034222074126        10237.95930732672        77919.07159552901       0.1099999994039536
       -4408.461841118263        1906.882064873348        9345.994443532434        77919.07371612699        1.789999961853027
       -4488.479988382724        1965.829345026606        10744.02183762671        77919.07382694200       0.6299999952316284
       -4383.299870723138        2018.034792635044        9787.977595927459        77919.07490330900        1.429999947547913
       -4395.844199199046        1934.041595264536        9493.994977148632        77919.07502627801       0.4300000071525574
       -4423.459301869093        1890.857195991885        9584.988934570529        77919.07511961600       0.9800000190734863
       -4333.639400708897        2034.852936070647        9442.005992320625        77919.07577247600       0.2500000000000000
       -4365.604095120047        1828.113989106573        9592.047027302810        77919.07657384500      0.05000000074505806
       -4473.802619974904        1980.837310039234        9960.027239657569        77919.07696212499        1.840000033378601
       -4544.415210004687        2094.903841615336        10055.04056911217        77919.07780425600        4.750000000000000
       -4265.288930462618        1995.038560041934        9602.964989336841        77919.07871230900        3.609999895095825
       -4097.800856105186        2071.171292899508        9379.050139648425        77919.08042954300       0.4199999868869781
       -1948.974985487278        688.0879513979600        8486.965536205549        77919.08094554600       0.6899999976158142
       -3460.568253020148        454.2280520762665        8693.047251706441        77919.08234139001       0.1500000059604645
       -4003.276079802326        2139.832678455010        9535.986758391098        77919.08263245301      0.05000000074505806
       -3932.728962848842        2088.116677224410        9577.047722586112        77919.08327210700       0.7699999809265137
       -3957.397591626658        1980.870138034269        9440.967141349587        77919.08415025500       0.2000000029802322
       -3972.741132020045        2296.958363597878        10488.95128447451        77919.08482970401      0.07000000029802322
       -3907.322572430270        2202.979706644674        9667.024601022582        77919.08505443200       0.6100000143051147
       -3793.506039214464        2304.992135493450        9467.957353128915        77919.08613307300       0.5199999809265137
       -3782.834446185445        2290.102144240996        9317.969014249333        77919.08681893500       0.6899999976158142
       -3747.532872595628        2307.886227492778        9318.983377993773        77919.08691693700       0.4199999868869781
       -3571.809761222822        2281.145079796338        9383.993997978963        77919.08904283000      0.07000000029802322
       -3527.551535366792        2388.032626712842        8564.979178943495        77919.09001846700        4.530000209808350
       -2554.820320643239        669.2053466707832        8867.954382298311        77919.09245527000        1.000000000000000
       -3377.318104614417        2511.066391407237        10182.01329952159        77919.09468855200      0.09000000357627869
       -3283.321686870907        2338.002694731157        9869.027518666622        77919.09643302900      0.02999999932944775
       -3179.357588974839        2674.818790785162        9718.047980977570        77919.09747472400        1.059999942779541
       -3224.341326762779        2782.949258879864        10803.97934033786        77919.09781498701       0.4399999976158142
       -2358.607514578786        775.1101316973551        9069.017773277197        77919.10124123600        1.769999980926514
