 x(m) y(m) z(m) time(s) chi2
       -1806.672674265281        532.0084109287200        6930.022227230503        77919.02823905600        2.299999952316284
       -1512.394728880850        819.1947842231857        7241.968538772267        77919.05336872800       0.5400000214576721
       -1529.340931359631        825.1326675061708        7276.963740763941        77919.05425420500       0.4399999976158142
       -1381.879880116465        309.9839225817267        7153.043269725021        77919.06786485300       0.8700000047683716
       -948.4148837544168        816.9519131093599        6839.977281997897        77919.07034662900       0.9499999880790710
       -1456.627186542840        520.9399414394885        6994.012893325416        77919.07350309299      0.03999999910593033
       -1350.642706478718        273.9345680261696        6269.951482581192        77919.07427273400       0.9399999976158142
       -1218.751460828348        290.0306946597730        6687.977289120821        77919.07455823800       0.2800000011920929
       -1634.466139825747        1006.879158166947        7255.011167602878        77919.08353337400       0.9900000095367432
       -2041.371912013901        1033.907891918826        6259.989868677078        77919.08837693300       0.3899999856948853
       -1519.452419935870        817.0775739487757        7239.967137158686        77919.08873002700       0.9599999785423279
       -1484.681389401090        198.1310048504391        6015.024653453363        77919.09258259799       0.8600000143051147
       -1446.688582172291        509.0565966053928        6731.016104816854        77919.09321871500        1.240000009536743
       -699.3395507351704        76.07211504320840        6800.961286035550        77919.09610053099       0.7699999809265137
       -1213.720225918831        325.1638692964353        6232.976539070472        77919.09950460900       0.5699999928474426
       -1521.607727241779       -188.1471905567027        6722.016291688614        77919.10530182700       0.7799999713897705
       -1474.975953685348        539.1580690664779        7000.007167921844        77919.10597077000        1.200000047683716
