 x(m) y(m) z(m) time(s) chi2
        4065.079340803969        2839.000200978908        10307.97532591080        79129.85922963799       0.3499999940395355
        4286.180652939383        2492.821097963644        10271.97592703586        79129.86036689700       0.4199999868869781
        4287.522919199325        2454.204076441144        10141.98999386743        79129.86045737400        4.519999980926514
        4148.673858509664        2538.220190179249        10552.04875058604        79129.86150637599        1.919999957084656
        4166.147175390018        3021.852731146622        10606.02542328847        79129.86220614500       0.2199999988079071
        4150.649389838734        3102.851841414929        10712.99657086770        79129.86302586000        1.690000057220459
        4273.399981497671        3118.949972404155        10585.00840419780        79129.86345336800        3.410000085830688
        3974.219688485851        3400.061004681437        11024.95694510174        79129.86373611400        1.269999980926514
        4191.171828551920        3061.100822368781        11112.99048854558        79129.86391736301        1.009999990463257
        4197.498742009326        3080.163996854781        11083.97713545224        79129.86403906200        1.419999957084656
        4155.713402809043        2971.083179786014        10811.95656532744        79129.86421947100       0.5199999809265137
        4109.732101492268        3082.929584969121        10747.03268494438        79129.86439560300       0.1700000017881393
        3904.472086852157        3333.163171752018        11221.03534374321        79129.86509939301      0.07000000029802322
        3904.517917298007        3278.077922094000        11258.96431943406        79129.86639779901        1.649999976158142
        3606.564886735401        3808.875885510657        11612.04415509231        79129.86690962600       0.4199999868869781
        4444.156346419047        3673.976153667295        10827.99541336092        79129.86744800500       0.9200000166893005
        3391.325505412226        3479.828626307921        11585.94983662367        79129.86792136700        1.730000019073486
        4454.067818963383        3699.021463473185        10884.97403887607        79129.86894212601      0.09000000357627869
        3770.224725506800        3685.818352944706        11288.02209944874        79129.86944850499       0.9900000095367432
        4429.288916834697        3808.773726646494        10858.02710605813        79129.86974983499        1.639999985694885
        4505.526432459088        3757.921174537148        10815.00405651753        79129.86985991101       0.8299999833106995
        4389.161379000581        3489.136833232305        10806.03776188100        79129.87023192699        1.679999947547913
        4422.121518568008        4166.139374292312        10943.00846595909        79129.87166736599       0.2700000107288361
        4305.728737612290        4348.096618619578        11195.96632524449        79129.87318930301        1.149999976158142
        4834.677467639471        3580.973798572923        10925.96536049941        79129.87425418801       0.8799999952316284
        4702.547406545813        3634.248575486169        10811.03363627391        79129.87449675699       0.4000000059604645
        4897.020105667983        3816.938223699186        11366.98123442197        79129.87468069801        4.250000000000000
        4871.331903429716        3756.921970685088        10970.03636336728        79129.87500578100       0.1199999973177910
        4639.151909603207        4200.869672129723        11388.03133640605        79129.87675905300       0.3899999856948853
        3908.223671876829        4447.100888496711        11178.95298068127        79129.87873645700        1.769999980926514
        5399.458641104282        4060.021668318547        11241.02599367538        79129.87942090600       0.2700000107288361
        4456.114377685885        3822.778438732913        10866.00008129513        79129.87984410800        1.259999990463257
        5397.710401642405        3832.989787960788        11525.96913461038        79129.88154403200        2.799999952316284
        3981.065328688841        4354.824314349918        11323.97190592910        79129.88174682300        3.569999933242798
        4021.217471410313        4295.799081309797        11143.98681163769        79129.88211587600       0.6100000143051147
        5583.181973006745        4006.816687201751        11397.00264170332        79129.88446012700        1.620000004768372
        5072.586176081284        3751.977026324109        11030.98246787883        79129.88738551900       0.7900000214576721
        4050.061603693994        5148.992790948677        11561.03616820955        79129.88940044900       0.5500000119209290
        5275.536641072189        3957.894572781079        10717.99421601859        79129.89029754700       0.4199999868869781
        5599.274834644177        4195.010026813682        11357.96694295251        79129.89141180800       0.3700000047683716
        5983.534208035369        4155.946743990990        11548.04514980916        79129.89242141400       0.3000000119209290
        4058.157392493738        5381.021411716750        12238.03876294923        79129.89259087401        1.210000038146973
        5852.589568353354        3906.755718401016        11788.02442346399        79129.89438746301       0.8999999761581421
        4074.247748827683        5343.080920893938        11980.96073224631        79129.89515215500        1.519999980926514
        3986.047966185047        5147.987268139944        11923.97679622140        79129.90012264800        4.829999923706055
        3901.358501270992        4565.222272420314        11576.97335306914        79129.90023607200      0.09000000357627869
        5824.433421949027        3986.104218216259        11936.00103249054        79129.90063662300        1.309999942779541
        5901.453167816695        3972.195803242592        11990.03877490737        79129.90169122400       0.3100000023841858
        5720.674976407695        3930.929999636319        11936.02838136278        79129.90252587500        3.140000104904175
        6026.324145494018        3755.916740242921        11733.95383677012        79129.90303045799        1.299999952316284
        5964.524259346148        3865.085908137495        12165.04630338987        79129.90348364200        1.970000028610229
        4204.360999970415        5339.169998676040        12304.97961134098        79129.90373556199        1.940000057220459
        4144.271785750961        5328.012793514739        12176.02809435623        79129.90382609400       0.6000000238418579
        4142.198539638321        5465.934008241954        12338.01321856600        79129.90395977900       0.6299999952316284
        4224.140445292152        5164.002885401846        12204.01138097437        79129.90431971000        1.500000000000000
        5967.715756533578        4084.978293292893        11950.00552773419        79129.90463088400        1.080000042915344
        4129.706383239534        5151.025805697770        12459.98408001931        79129.90477484401       0.8100000023841858
        3852.475108061455        5633.836924147838        12014.04773140280        79129.90515827099       0.1500000059604645
        3684.510167112129        5406.061433496868        11950.04430420177        79129.90543138100       0.1299999952316284
        4173.034822503336        5013.068790420359        11683.96507208043        79129.90576077600        1.840000033378601
        5981.205760709878        3995.973603810469        11970.04942005925        79129.90590539599       0.2899999916553497
        4345.595061025863        5027.073925151540        12143.03956970446        79129.90601867800       0.3499999940395355
        5948.212521114804        4122.897829562895        12261.99945309615        79129.90636908000        1.750000000000000
        4018.524135659070        5099.224107879779        11892.99569906596        79129.90652060500        1.620000004768372
        4516.303714907562        5675.147871466522        12372.97645978053        79129.90683404100        1.350000023841858
        4371.323898566608        5127.983479244469        12668.04147585114        79129.90745198099      0.07000000029802322
        3561.071008215791        5656.874834236045        12305.99613057498        79129.90828174600      0.03999999910593033
        3824.275951013923        5531.229093935188        12009.95441442998        79129.90936593800        1.850000023841858
        3721.065893172983        5883.901030446654        12006.99896217138        79129.90955902400       0.8999999761581421
        4748.054785542179        5798.938914952134        12707.99813314423        79129.91053306901        1.879999995231628
        4815.674022612370        5584.126122568751        12353.03875822087        79129.91085025300        1.389999985694885
        6212.578713062598        3970.960183142619        11729.04457818779        79129.92267394500       0.5199999809265137
        3645.608382040958        5676.986865655819        12003.03005399653        79129.92375024600       0.7699999809265137
        4239.097714554987        5067.878760952281        12336.97917808095        79129.92585399000        1.399999976158142
        3658.256340448556        5620.907603656152        11861.97289762436        79129.92844528001     0.009999999776482582
        3376.527072704319        5518.901054719272        11678.01675641955        79129.92913334000        1.549999952316284
        3501.473657304713        5540.151738779138        11689.03171699795        79129.93129870501        1.799999952316284
        3449.330271160081        5584.824398040536        11895.02112959387        79129.93181418000       0.9900000095367432
        3404.118722004711        5533.855675285706        11801.98921643346        79129.93206837001        4.480000019073486
        3181.641874329268        5413.980384448285        11506.00646240192        79129.93445503000        1.009999990463257
        2822.240248773918        5045.131660730324        11047.97790907882        79129.93535069900       0.4099999964237213
        2727.169115640174        5093.023040900557        11604.98125030385        79129.93611223801        1.789999961853027
        2784.323548687557        5173.999940655342        11596.99192008372        79129.93628585200       0.5600000023841858
        2747.716674985236        5091.896369653296        11778.97342952273        79129.93695667500       0.3100000023841858
        2860.598491982617        4951.835949394301        11522.03430825758        79129.93709284499       0.8799999952316284
        2794.538765811515        4853.942272893872        12141.03952395362        79129.93920175001       0.4300000071525574
        2907.327465846997        5719.002951716349        12338.97135946436        79129.93988921100        2.079999923706055
        2847.346801897705        4670.910415017500        11694.95277100366        79129.94186019100       0.4300000071525574
        2518.476644447220        4424.195162186355        11833.96716070475        79129.94203464199       0.6999999880790710
        2711.567704441782        5897.948080354972        11980.99352591743        79129.94478369900        1.860000014305115
        2631.199935872816        5865.928281741014        12221.95718035125        79129.94537845100        1.159999966621399
        2901.566288871020        5714.110637199509        12085.97823928410        79129.94600936701        1.500000000000000
        3114.619229041688        6049.024359609515        12013.96807015696        79129.95127194301       0.4900000095367432
        3020.125244024127        5949.078092128476        12157.00801459082        79129.95209328100        1.639999985694885
        5031.682686639833        3707.039511881627        11056.04111464373        79129.95823019600       0.2899999916553497
        5747.573644344689        3679.076909323370        11841.95452308483        79129.95967912101       0.1400000005960464
        4222.686406913109        2424.142289486019        10294.04469840647        79129.96691291100       0.5799999833106995
        4101.392993183435        3136.027009151846        10990.01218262712        79129.96854932400       0.6000000238418579
        4876.544051966227        5732.815874698286        12655.96131581915        79129.97843237600       0.1500000059604645
        5057.246929243987        5516.089632578118        12463.01230780009        79129.98134016400        4.239999771118164
        5175.144594613676        5464.817176384387        12420.96219851013        79129.98161997800       0.1099999994039536
        4861.566028494528        5669.843773870959        12414.02892870404        79129.98231742000       0.8299999833106995
        5141.605547938248        5479.781747409292        11109.97547333739        79129.98760224400        1.750000000000000
        5417.232241943974        5564.142737345696        12400.97555271281        79129.98843527101       0.8700000047683716
        5517.402406614792        5491.154733521497        12256.95319460970        79129.98866245701        1.429999947547913
        4119.067870339999        2516.190590769815        10609.97606353973        79129.99416158001       0.3899999856948853
        4194.612131891704        2486.970452033301        10589.03902422178        79130.01458770600        1.330000042915344
        4220.509604754683        2412.237575707592        10196.95004367700        79130.02405492500       0.6299999952316284
