4.065079340803968989e+03 2.839000200978908197e+03 1.030797532591080017e+04
4.286180652939383435e+03 2.492821097963644206e+03 1.027197592703586088e+04
4.287522919199324861e+03 2.454204076441144025e+03 1.014198999386742980e+04
4.148673858509663660e+03 2.538220190179249130e+03 1.055204875058604011e+04
4.166147175390017765e+03 3.021852731146621863e+03 1.060602542328847085e+04
4.150649389838734351e+03 3.102851841414928913e+03 1.071299657086769912e+04
4.273399981497671433e+03 3.118949972404154778e+03 1.058500840419780070e+04
3.974219688485850838e+03 3.400061004681437225e+03 1.102495694510173962e+04
4.191171828551920044e+03 3.061100822368780882e+03 1.111299048854557986e+04
4.197498742009325724e+03 3.080163996854781089e+03 1.108397713545223996e+04
4.155713402809043146e+03 2.971083179786014171e+03 1.081195656532744033e+04
4.109732101492268157e+03 3.082929584969121152e+03 1.074703268494438089e+04
3.904472086852157190e+03 3.333163171752018116e+03 1.122103534374320952e+04
3.904517917298006978e+03 3.278077922093999859e+03 1.125896431943406060e+04
3.606564886735401160e+03 3.808875885510657099e+03 1.161204415509230967e+04
4.444156346419046713e+03 3.673976153667294966e+03 1.082799541336092079e+04
3.391325505412225993e+03 3.479828626307920786e+03 1.158594983662366940e+04
4.454067818963382706e+03 3.699021463473185122e+03 1.088497403887606924e+04
3.770224725506800041e+03 3.685818352944706021e+03 1.128802209944874085e+04
4.429288916834697375e+03 3.808773726646494197e+03 1.085802710605813081e+04
4.505526432459088028e+03 3.757921174537148090e+03 1.081500405651752953e+04
4.389161379000581292e+03 3.489136833232304980e+03 1.080603776188099982e+04
4.422121518568007559e+03 4.166139374292311913e+03 1.094300846595909024e+04
4.305728737612290388e+03 4.348096618619578294e+03 1.119596632524448978e+04
4.834677467639470706e+03 3.580973798572922988e+03 1.092596536049940914e+04
4.702547406545812919e+03 3.634248575486169102e+03 1.081103363627391082e+04
4.897020105667983444e+03 3.816938223699185983e+03 1.136698123442196993e+04
4.871331903429715567e+03 3.756921970685088127e+03 1.097003636336728050e+04
4.639151909603207059e+03 4.200869672129722858e+03 1.138803133640604938e+04
3.908223671876829030e+03 4.447100888496711377e+03 1.117895298068126976e+04
5.399458641104281924e+03 4.060021668318547199e+03 1.124102599367537914e+04
4.456114377685885302e+03 3.822778438732912946e+03 1.086600008129512935e+04
5.397710401642404577e+03 3.832989787960787908e+03 1.152596913461037911e+04
3.981065328688840964e+03 4.354824314349917586e+03 1.132397190592910010e+04
4.021217471410313010e+03 4.295799081309796748e+03 1.114398681163768924e+04
5.583181973006744556e+03 4.006816687201750938e+03 1.139700264170332048e+04
5.072586176081284066e+03 3.751977026324108920e+03 1.103098246787882999e+04
4.050061603693994130e+03 5.148992790948676884e+03 1.156103616820954994e+04
5.275536641072189013e+03 3.957894572781079205e+03 1.071799421601858921e+04
5.599274834644176735e+03 4.195010026813682089e+03 1.135796694295250927e+04
5.983534208035369375e+03 4.155946743990990399e+03 1.154804514980916065e+04
4.058157392493737916e+03 5.381021411716749753e+03 1.223803876294923066e+04
5.852589568353353570e+03 3.906755718401016111e+03 1.178802442346399039e+04
4.074247748827683154e+03 5.343080920893938128e+03 1.198096073224631073e+04
3.986047966185046789e+03 5.147987268139943808e+03 1.192397679622139913e+04
3.901358501270991837e+03 4.565222272420313857e+03 1.157697335306913919e+04
5.824433421949027434e+03 3.986104218216259142e+03 1.193600103249053973e+04
5.901453167816694986e+03 3.972195803242591865e+03 1.199003877490737068e+04
5.720674976407694885e+03 3.930929999636318826e+03 1.193602838136277933e+04
6.026324145494018012e+03 3.755916740242921151e+03 1.173395383677012069e+04
5.964524259346148028e+03 3.865085908137495153e+03 1.216504630338987045e+04
4.204360999970414923e+03 5.339169998676040450e+03 1.230497961134097932e+04
4.144271785750960589e+03 5.328012793514739315e+03 1.217602809435623021e+04
4.142198539638320653e+03 5.465934008241953961e+03 1.233801321856600043e+04
4.224140445292152435e+03 5.164002885401845560e+03 1.220401138097437070e+04
5.967715756533578315e+03 4.084978293292892886e+03 1.195000552773419076e+04
4.129706383239534262e+03 5.151025805697770011e+03 1.245998408001931057e+04
3.852475108061455103e+03 5.633836924147837635e+03 1.201404773140279940e+04
3.684510167112128784e+03 5.406061433496867721e+03 1.195004430420177050e+04
4.173034822503335818e+03 5.013068790420358710e+03 1.168396507208042931e+04
5.981205760709877723e+03 3.995973603810468830e+03 1.197004942005924931e+04
4.345595061025863288e+03 5.027073925151539697e+03 1.214303956970446052e+04
5.948212521114804076e+03 4.122897829562894913e+03 1.226199945309615032e+04
4.018524135659069998e+03 5.099224107879778785e+03 1.189299569906595934e+04
4.516303714907561698e+03 5.675147871466521792e+03 1.237297645978052969e+04
4.371323898566607568e+03 5.127983479244468981e+03 1.266804147585113969e+04
3.561071008215791153e+03 5.656874834236044990e+03 1.230599613057498027e+04
3.824275951013923077e+03 5.531229093935187848e+03 1.200995441442997981e+04
3.721065893172983124e+03 5.883901030446653749e+03 1.200699896217137939e+04
4.748054785542179161e+03 5.798938914952133928e+03 1.270799813314423045e+04
4.815674022612370209e+03 5.584126122568751271e+03 1.235303875822086957e+04
6.212578713062597672e+03 3.970960183142618916e+03 1.172904457818778974e+04
3.645608382040958077e+03 5.676986865655819201e+03 1.200303005399653011e+04
4.239097714554986851e+03 5.067878760952280572e+03 1.233697917808095008e+04
3.658256340448555875e+03 5.620907603656151878e+03 1.186197289762436048e+04
3.376527072704318925e+03 5.518901054719271997e+03 1.167801675641955080e+04
3.501473657304713015e+03 5.540151738779138213e+03 1.168903171699794984e+04
3.449330271160080883e+03 5.584824398040535925e+03 1.189502112959386977e+04
3.404118722004710889e+03 5.533855675285705729e+03 1.180198921643345966e+04
3.181641874329267921e+03 5.413980384448284894e+03 1.150600646240191963e+04
2.822240248773918211e+03 5.045131660730324256e+03 1.104797790907881972e+04
2.727169115640173914e+03 5.093023040900557135e+03 1.160498125030385017e+04
2.784323548687556922e+03 5.173999940655341561e+03 1.159699192008371938e+04
2.747716674985235841e+03 5.091896369653295551e+03 1.177897342952272993e+04
2.860598491982616906e+03 4.951835949394300769e+03 1.152203430825758005e+04
2.794538765811515077e+03 4.853942272893871632e+03 1.214103952395361921e+04
2.907327465846996802e+03 5.719002951716349344e+03 1.233897135946435992e+04
2.847346801897705063e+03 4.670910415017499872e+03 1.169495277100366002e+04
2.518476644447220224e+03 4.424195162186355446e+03 1.183396716070474940e+04
2.711567704441782098e+03 5.897948080354972262e+03 1.198099352591743082e+04
2.631199935872815786e+03 5.865928281741013961e+03 1.222195718035124992e+04
2.901566288871019879e+03 5.714110637199509256e+03 1.208597823928410071e+04
3.114619229041687959e+03 6.049024359609515159e+03 1.201396807015695958e+04
3.020125244024126914e+03 5.949078092128475873e+03 1.215700801459081958e+04
5.031682686639833264e+03 3.707039511881626822e+03 1.105604111464373091e+04
5.747573644344688546e+03 3.679076909323369819e+03 1.184195452308483073e+04
4.222686406913108840e+03 2.424142289486018853e+03 1.029404469840646925e+04
4.101392993183434555e+03 3.136027009151845959e+03 1.099001218262712064e+04
4.876544051966227016e+03 5.732815874698286279e+03 1.265596131581914960e+04
5.057246929243987324e+03 5.516089632578117744e+03 1.246301230780009064e+04
5.175144594613676418e+03 5.464817176384386585e+03 1.242096219851012938e+04
4.861566028494527927e+03 5.669843773870959012e+03 1.241402892870403957e+04
5.141605547938247582e+03 5.479781747409291711e+03 1.110997547333739021e+04
5.417232241943974259e+03 5.564142737345696332e+03 1.240097555271281090e+04
5.517402406614792199e+03 5.491154733521497292e+03 1.225695319460969949e+04
4.119067870339998990e+03 2.516190590769815117e+03 1.060997606353973060e+04
4.194612131891703939e+03 2.486970452033301171e+03 1.058903902422177998e+04
4.220509604754683096e+03 2.412237575707591986e+03 1.019695004367699948e+04
