 x(m) y(m) z(m) time(s) chi2
        3941.337008527928        2783.117845193312        7660.976121244332        79129.89218857299      0.05000000074505806
        3965.623771219671        2735.804219540333        6964.981421140903        79129.89270638100       0.6600000262260437
        4100.151351121099        2800.160510598522        7727.968871090442        79129.89360217001        1.200000047683716
        3964.029147884686        2767.101351868866        7827.969123112071        79129.89382904100        1.519999980926514
        3981.618019967379        2883.187069941065        7820.006747655791        79129.89473433900       0.9599999785423279
        4173.535141605053        2787.050223905456        7707.027228902137        79129.89496966200        1.379999995231628
        4257.457227516911        2722.186249571611        6521.999595916055        79129.89593942001       0.4699999988079071
        4301.254479773645        2782.862983071791        7689.044492556225        79129.89619178401       0.5699999928474426
        4204.620533984782        2850.230573383643        7802.978901954327        79129.89690088401        1.279999971389771
        4302.075565414775        2716.828504157764        7815.972419939210        79129.89744849601        1.539999961853027
        4299.190006960257        2737.976018486679        7736.965271738110        79129.89767146700       0.8899999856948853
        4063.037792202767        3289.865126312757        8510.958193637651        79129.89812762300        1.389999985694885
        4324.564669816349        2668.046666072524        7644.977832539312        79129.89833430300       0.7599999904632568
        4404.391264561575        2574.057794844505        7702.962064994588        79129.89863311000        4.960000038146973
        3937.134770972315        3073.009013309711        7908.045583389959        79129.89875790301        1.649999976158142
        4323.157843280275        2626.937151130032        6580.995554677660        79129.89882404701        1.200000047683716
        4369.189689305133        2621.129852272011        7856.967054505295        79129.89954871099       0.2300000041723251
        3975.275495914406        2800.129332024605        7778.047774387271        79129.90551991500       0.5299999713897705
        4070.092276213885        3266.977958110164        8490.965490400098        79129.90886221900        1.429999947547913
        3970.335013133071        2803.093275937640        7779.049540050444        79129.90909186999        1.120000004768372
        3982.065366713292        2852.912740047838        7385.019986268114        79129.91122189201       0.6600000262260437
        4034.014939852695        2804.015843018108        6927.009013502960        79129.91261664200        1.289999961853027
        4133.501855485403        3533.097597518547        8504.982828609973        79129.91292467499      0.03999999910593033
        3978.093286579745        2909.886899240517        7843.996795403761        79129.91304326600        1.820000052452087
        3987.278800764955        2878.115067098712        7841.005521720368        79129.91348907400        1.759999990463257
        3892.260081597901        3322.015757214034        8551.047755048206        79129.91413246100        1.460000038146973
        4074.043004373204        2951.017388563879        7833.017519252485        79129.91438087900       0.3000000119209290
        4106.521732629257        2787.039309070986        7748.970548942535        79129.91549751601        2.420000076293945
        4181.496494239247        3567.880205919789        8537.032810541477        79129.91580505299       0.2899999916553497
        3980.189118754036        2789.942241590281        7729.049177434068        79129.91927591299        1.360000014305115
        4038.250973970298        3407.189675633800        8454.012730970608        79129.92038611000        1.809999942779541
        4350.228025598118        2232.158543387482        7731.028187059313        79129.92069803399        2.690000057220459
        4388.307423970567        2346.150068496149        7763.961161173958        79129.92120580901       0.8399999737739563
        4120.345863068964        2722.907710822576        8350.990088290888        79129.92416215700        1.080000042915344
        4096.149800649398        2827.017888149343        8108.959676643604        79129.92468364300        4.010000228881836
        3964.611703056074        3092.903919870451        7849.018944717851        79129.92618709500        1.200000047683716
        4110.303624063682        3333.103195765564        8511.006067767779        79129.92665404100       0.6100000143051147
        4048.272654786503        3172.073529973580        8519.027365778193        79129.92676728401       0.9599999785423279
        4388.322624495732        2302.935027578962        7756.976935664021        79129.92757253800        1.759999990463257
        3969.643363192122        2779.795062274713        7785.960094572834        79129.92779766700        1.529999971389771
        3919.712274910376        2910.853000160231        8157.032508456288        79129.92928149700        2.430000066757202
        4111.016964608560        2793.152223412676        8158.965103564032        79129.92983677299       0.9700000286102295
        3730.183417400815        2435.028615124800        7162.045722703251        79129.93041760100        1.570000052452087
        3592.607977906766        2295.166869097093        7115.976311461108        79129.93091616800        1.259999990463257
        4390.411162460275        2352.923934549117        7748.957210924159        79129.93118928300        1.110000014305115
        4206.043505680041        3411.786704133167        8199.001599297826        79129.93295339000        1.049999952316284
        4081.387539800734        2985.982709843763        8306.996671486275        79129.93342815600        1.960000038146973
        4356.429189662689        2190.134424507661        7482.038494640262        79129.93521467299       0.2199999988079071
        3627.474734508229        2313.133327957383        6394.949949151865        79129.93579197201       0.3700000047683716
        3749.236401139569        2446.053116771583        7170.030348709878        79129.93816313100       0.5600000023841858
        4312.138720262096        2577.946034479765        7994.023476471240        79129.93941531700       0.9399999976158142
        3746.394696815219        2515.106384588050        7184.005096450531        79129.94300890600        2.900000095367432
        3731.614323671969        2449.024918069655        7205.039526052980        79129.94314584701        1.190000057220459
        4099.667933133062        3350.011966200244        8445.003995469251        79129.94333906200        1.259999990463257
        4097.576506828885        2963.919710280023        8224.996604381751        79129.94359223401       0.9499999880790710
        4134.323980135246        2949.985153031465        8291.979441877769        79129.94367625201        1.049999952316284
        4244.099633517078        3934.797266504549        8473.974465667970        79129.94389966900        1.840000033378601
        4069.456208448471        3167.005124235659        8533.016446121504        79129.94548385500        1.500000000000000
        4325.352907037694        2668.098143056805        7766.977316308187        79129.94557702300        1.830000042915344
        3721.704119670318        2421.035018682032        7132.955900809317        79129.94693849199        1.080000042915344
        3739.354574961114        2446.894902798825        7166.035812621142        79129.94859606000        1.279999971389771
        4110.269638155241        3352.148733646452        8470.996072159731        79129.94899081800        1.100000023841858
        3901.420914700482        3124.072666861151        8395.042763390864        79129.95027840001       0.1400000005960464
        3989.607223380081        3372.880693883028        8512.960981558104        79129.95301721100        1.679999947547913
        4534.432768187839        1975.039478819178        7569.985132399918        79129.95634209400        1.720000028610229
        4016.383723549065        3279.187285177439        8383.993141721114        79129.95800976000        1.279999971389771
        3709.714180445205        2443.915249053440        7158.954129556327        79129.95953686000       0.6299999952316284
        2983.651329280129        1856.874992233070        6879.032642065406        79129.96007902100       0.6899999976158142
        3977.157654717973        2886.834411659323        7459.007763520271        79129.96167690599        1.179999947547913
        4426.228988483664        2502.006514861262        7597.975687375619        79129.96208518000        4.659999847412109
        4076.415761832677        2957.137697623006        8238.013291410076        79129.96413065599        1.289999961853027
        4083.486959074947        3019.876336572476        8301.979335388256        79129.96559379400        1.639999985694885
        4056.597333965638        2863.849402891219        8083.968420008357        79129.96581922899       0.7099999785423279
        4391.177300712878        2517.803318416293        7947.993740562720        79129.96915596099       0.9100000262260437
        3738.612826298275        2505.768070388839        7144.013327332263        79129.96989678100        1.080000042915344
        3984.146282838849        3236.974086429858        8718.035032965125        79129.97108953100        1.409999966621399
        4171.409217857313        2853.152365425360        7737.999329966199        79129.97222864900        1.110000014305115
        3305.574875574202        1843.926277506643        7140.978170589962        79129.97486810701       0.1500000059604645
        3277.306337673814        1840.080273025673        7058.993826276894        79129.97547570000        1.940000057220459
        4402.436091144009        2527.960210989712        7906.981957134750        79129.97593551601        1.070000052452087
        4640.285724032423        1945.003181789414        7540.018509995898        79129.97612001401        1.990000009536743
        4008.582675301158        3257.960909095947        8309.008915561511        79129.97659701400        1.049999952316284
        3856.421498534055        4376.888459577429        8348.031896880248        79129.97715673700        1.820000052452087
        3764.073526107103        2669.802858406808        7352.031820168905        79129.97944310401        1.570000052452087
        5119.701026865697        1718.824175563963        6785.017172392509        79129.98025242799        1.029999971389771
        3224.385828216765        1835.828679190731        7068.021970822355        79129.98097981700       0.4799999892711639
        3840.223742913146        4314.182822005947        8358.983884670542        79129.98396030400        2.240000009536743
        4399.586535135583        2391.066965208811        7776.036790046958        79129.98435610101      0.05000000074505806
        3945.198427507026        3258.890216276044        8521.047936472298        79129.98488503200        1.080000042915344
        3378.230290836592        1893.082974504474        7115.025841094962        79129.98610446200        1.340000033378601
        4164.541596341465        3576.758740138531        8516.038885548731        79129.98887612800        1.090000033378601
        3865.531910877332        4456.935002703748        8297.970815150102        79129.99052423000        1.789999961853027
        3948.355025673125        3053.040175858495        7780.048236274174        79129.99118902700        1.860000014305115
        4123.715650353822        3303.865764929351        8496.012671914554        79129.99164726700       0.8100000023841858
        4687.695710814711        4184.848459805474        8259.004977380224        79129.99453206200        1.950000047683716
        3760.546548137419        2302.853720948210        7106.977032894310        79129.99484541600        1.299999952316284
        4112.386722700956        3416.151397196757        8513.960690684111        79129.99684746300       0.4699999988079071
        3849.379806724763        4374.782943015272        8371.037598014200        79129.99842089901        3.049999952316284
        5041.560710215969        1864.171134839440        7122.038477108100        79129.99941361501       0.7099999785423279
        2128.301477162542        1843.014351700929        6619.978790502662        79130.00176774300        2.339999914169312
        1599.091295564880        1745.066262988840        6626.960530136768        79130.00630379000        1.389999985694885
        3524.478556282634        5289.888511624546        8434.030110785481        79130.00727362699       0.4799999892711639
        2717.569869642837        1888.115336756371        6793.042007082843        79130.00873158799        1.750000000000000
        4366.443848905779        2246.141503765940        7717.012206704276        79130.00895361100        1.250000000000000
        3844.434759597144        4340.863546382488        8338.963201927732        79130.00908249200       0.7200000286102295
        1765.620522170580        1798.049611748420        6651.002042158136        79130.00936249099       0.1800000071525574
        4084.203203240281        2922.829525476510        8253.024176124551        79130.00975007701        1.700000047683716
        4673.407810651783        1977.202511740796        7496.984442844307        79130.01098548900        1.899999976158142
        1951.182669230674        1815.011425367753        6589.043363458865        79130.01125266300       0.6499999761581421
        2407.043356755556        1791.829805573733        6624.994613390639        79130.01187273000        1.700000047683716
        4912.113181788404        1776.120946563729        7582.964902193314        79130.01213030200        1.820000052452087
        1792.434416357956        1796.783062368327        6647.994936265427        79130.01226053800        1.669999957084656
        4913.692246378349        2889.901940407575        6715.954872631813        79130.01299664201       0.9900000095367432
        4962.598828412552        2851.938348331467        6068.034055527075        79130.01310832400       0.3700000047683716
        3212.342502237505        1618.097343984365        5424.986775346211        79130.01348028499        1.799999952316284
        3858.532382491405        4379.849659979850        8340.028582513112        79130.01385995001        1.759999990463257
        5068.381977040603        1848.934341649632        7118.021710517482        79130.01430395000        1.120000004768372
        1953.302154697502        1815.861576906726        6598.042474254105        79130.01483588300        1.470000028610229
        3530.221488956533        5031.861294319642        8438.036001316545        79130.01495337400        1.090000033378601
        3080.339671475803        1806.072213788893        6870.001399505196        79130.01544257200        1.250000000000000
        3966.342132510894        3060.095759878448        8341.033885002256        79130.01631491400       0.4499999880790710
        3911.270666383713        3112.184924615198        8337.042552033517        79130.01710458400        1.710000038146973
        1756.446826315860        1770.086225065594        6631.012409870758        79130.01732751400       0.9599999785423279
        2976.165218371060        3095.840647311066        6791.953776734179        79130.01814888300      0.07000000029802322
        4093.327615227627        2837.188443628841        8116.956960260492        79130.01839478999       0.5000000000000000
        4054.458599738406        2866.799796836420        8051.968438598244        79130.01857470100        1.929999947547913
        4480.282938878608        2549.753640410004        7224.019052754200        79130.01975033600       0.2500000000000000
        4168.285900449247        3019.146026482754        8471.024620169594        79130.02013687100     0.009999999776482582
        4128.600852471906        3462.767971860076        8518.024656947237        79130.02192317400        1.059999942779541
        1944.526705793898        1785.072866833776        5565.953677409201        79130.02231509901       0.7099999785423279
        2201.725507042964        1835.013168224774        6723.956242450899        79130.02294253399        3.130000114440918
        2640.662790932297        1858.019478569345        6794.983006567949        79130.02380766900        1.539999961853027
        3849.205762999291        4068.983184984787        7876.040192120668        79130.02395857000       0.6899999976158142
        2067.617915688495        1828.174058181252        6614.002990827690        79130.02459734600        1.600000023841858
        5566.632435526823        4214.769738288706        7937.980339183900        79130.02603710200       0.2599999904632568
        5156.599017781045        3037.174070749475        7050.994865842792        79130.02985163400        1.129999995231628
        5057.103104168959        1840.882640977740        7128.032982227631        79130.03040696200        1.500000000000000
        3041.512016176458        1834.859916499444        6856.011754377652        79130.03132000100       0.4199999868869781
        1946.240387811645        1839.156120928562        6596.037936865685        79130.03170300000       0.7799999713897705
        4463.079481114749        2589.831424767413        7878.015114332389        79130.03230631100        1.700000047683716
        2365.223198249257        1764.988668408726        6101.017673232222        79130.03266006301       0.6000000238418579
        5086.024296026244        1705.924427080176        6135.047301646893        79130.03547556300       0.8399999737739563
        3416.394948756595        3290.019381964952        6844.036095326345        79130.03598853300      0.01999999955296516
        4059.259392073141        2893.825479638670        7850.953097985493        79130.03681598300        1.169999957084656
        3932.229958679973        3001.835936216713        7916.982480705593        79130.03706950200       0.4300000071525574
        2648.423526659244        1847.005182819891        6783.983001242483        79130.04299054100       0.1299999952316284
        3530.210276004980        5061.943893631355        8438.012150162323        79130.04334324801        1.039999961853027
        3514.664559184120        5055.970594686820        8393.025442741204        79130.04378122299        1.269999980926514
        2392.197706768314        1777.825138572614        6543.004107075841        79130.04428657101        2.000000000000000
        5112.605293815560        1723.043775374510        6739.021694382408        79130.04469132800        1.509999990463257
        4817.363234005251        1975.150821708882        7478.978305366866        79130.04496785199        1.159999966621399
        3236.491247809723        1713.022730930061        7199.950026236692        79130.04900236501       0.8899999856948853
        3032.380118932376        1757.773321192893        6892.037863420564        79130.05177655999      0.07000000029802322
        3594.019859107910        2321.861695915057        7134.965836292857        79130.05205751600        1.309999942779541
        4815.238102625792        1981.926003315466        7472.977797813054        79130.05260987500       0.8299999833106995
        5069.076225588868        1839.185647220940        7097.023977991216        79130.05382674299       0.7400000095367432
        3557.413534498377        3304.815939814812        6687.951450218680        79130.05788959200        1.659999966621399
        3784.621937458770        2425.794730227992        7330.017290970259        79130.05815162200       0.7300000190734863
        3995.699993466612        2969.198466327574        7826.958410054835        79130.06686103300        1.639999985694885
        4432.015171633929        2567.773237070118        7845.045655256735        79130.06743042600        4.630000114440918
        4170.443232952244        3031.891292692058        8541.017176724361        79130.06892919200      0.09000000357627869
