3.941337008527927992e+03 2.783117845193311950e+03 7.660976121244331807e+03
3.965623771219671198e+03 2.735804219540333179e+03 6.964981421140902967e+03
4.100151351121098742e+03 2.800160510598521796e+03 7.727968871090442008e+03
3.964029147884686154e+03 2.767101351868866004e+03 7.827969123112071429e+03
3.981618019967379041e+03 2.883187069941065147e+03 7.820006747655790605e+03
4.173535141605052559e+03 2.787050223905455823e+03 7.707027228902136812e+03
4.257457227516911189e+03 2.722186249571610915e+03 6.521999595916055114e+03
4.301254479773644562e+03 2.782862983071790950e+03 7.689044492556225123e+03
4.204620533984782014e+03 2.850230573383642877e+03 7.802978901954326830e+03
4.302075565414775156e+03 2.716828504157764200e+03 7.815972419939210340e+03
4.299190006960257051e+03 2.737976018486679095e+03 7.736965271738109550e+03
4.063037792202766923e+03 3.289865126312757184e+03 8.510958193637650766e+03
4.324564669816349124e+03 2.668046666072524204e+03 7.644977832539311748e+03
4.404391264561574644e+03 2.574057794844505224e+03 7.702962064994588218e+03
3.937134770972314982e+03 3.073009013309711008e+03 7.908045583389958665e+03
4.323157843280275301e+03 2.626937151130031907e+03 6.580995554677660039e+03
4.369189689305132561e+03 2.621129852272010794e+03 7.856967054505294982e+03
3.975275495914405838e+03 2.800129332024604992e+03 7.778047774387270692e+03
4.070092276213884816e+03 3.266977958110163854e+03 8.490965490400098133e+03
3.970335013133070788e+03 2.803093275937640101e+03 7.779049540050444193e+03
3.982065366713291951e+03 2.852912740047837815e+03 7.385019986268113826e+03
4.034014939852695079e+03 2.804015843018108171e+03 6.927009013502960443e+03
4.133501855485403212e+03 3.533097597518546991e+03 8.504982828609972785e+03
3.978093286579744927e+03 2.909886899240516868e+03 7.843996795403761098e+03
3.987278800764955122e+03 2.878115067098712188e+03 7.841005521720368051e+03
3.892260081597900808e+03 3.322015757214033783e+03 8.551047755048206454e+03
4.074043004373203985e+03 2.951017388563879194e+03 7.833017519252484817e+03
4.106521732629256803e+03 2.787039309070985837e+03 7.748970548942535061e+03
4.181496494239247113e+03 3.567880205919789205e+03 8.537032810541477374e+03
3.980189118754035917e+03 2.789942241590280901e+03 7.729049177434068042e+03
4.038250973970298219e+03 3.407189675633800107e+03 8.454012730970607663e+03
4.350228025598117711e+03 2.232158543387482041e+03 7.731028187059312586e+03
4.388307423970566560e+03 2.346150068496148833e+03 7.763961161173958317e+03
4.120345863068963808e+03 2.722907710822576064e+03 8.350990088290887797e+03
4.096149800649397548e+03 2.827017888149342980e+03 8.108959676643604325e+03
3.964611703056074020e+03 3.092903919870450864e+03 7.849018944717850900e+03
4.110303624063682037e+03 3.333103195765564124e+03 8.511006067767779314e+03
4.048272654786503153e+03 3.172073529973580207e+03 8.519027365778192689e+03
4.388322624495732271e+03 2.302935027578962035e+03 7.756976935664020857e+03
3.969643363192121797e+03 2.779795062274713018e+03 7.785960094572834350e+03
3.919712274910375982e+03 2.910853000160231204e+03 8.157032508456288269e+03
4.111016964608559647e+03 2.793152223412675994e+03 8.158965103564031779e+03
3.730183417400814960e+03 2.435028615124800126e+03 7.162045722703251158e+03
3.592607977906765882e+03 2.295166869097092786e+03 7.115976311461107798e+03
4.390411162460274682e+03 2.352923934549116893e+03 7.748957210924158971e+03
4.206043505680040653e+03 3.411786704133166950e+03 8.199001599297826033e+03
4.081387539800733975e+03 2.985982709843763132e+03 8.306996671486274863e+03
4.356429189662689168e+03 2.190134424507661151e+03 7.482038494640261888e+03
3.627474734508229176e+03 2.313133327957382789e+03 6.394949949151865439e+03
3.749236401139568898e+03 2.446053116771583063e+03 7.170030348709878126e+03
4.312138720262096285e+03 2.577946034479764876e+03 7.994023476471240429e+03
3.746394696815219049e+03 2.515106384588049877e+03 7.184005096450530800e+03
3.731614323671969032e+03 2.449024918069655087e+03 7.205039526052980364e+03
4.099667933133062434e+03 3.350011966200243933e+03 8.445003995469251095e+03
4.097576506828884703e+03 2.963919710280023082e+03 8.224996604381751240e+03
4.134323980135245620e+03 2.949985153031464961e+03 8.291979441877769204e+03
4.244099633517077564e+03 3.934797266504549043e+03 8.473974465667970435e+03
4.069456208448470989e+03 3.167005124235658968e+03 8.533016446121504487e+03
4.325352907037694422e+03 2.668098143056804929e+03 7.766977316308187255e+03
3.721704119670318050e+03 2.421035018682031932e+03 7.132955900809317427e+03
3.739354574961113940e+03 2.446894902798825115e+03 7.166035812621142213e+03
4.110269638155241410e+03 3.352148733646452001e+03 8.470996072159730829e+03
3.901420914700482172e+03 3.124072666861150992e+03 8.395042763390863911e+03
3.989607223380080995e+03 3.372880693883028016e+03 8.512960981558104322e+03
4.534432768187839429e+03 1.975039478819177930e+03 7.569985132399918257e+03
4.016383723549065053e+03 3.279187285177439207e+03 8.383993141721113716e+03
3.709714180445204875e+03 2.443915249053440220e+03 7.158954129556326734e+03
2.983651329280129175e+03 1.856874992233070088e+03 6.879032642065406435e+03
3.977157654717972946e+03 2.886834411659322996e+03 7.459007763520270601e+03
4.426228988483663670e+03 2.502006514861262076e+03 7.597975687375618691e+03
4.076415761832677163e+03 2.957137697623005806e+03 8.238013291410075908e+03
4.083486959074947208e+03 3.019876336572475793e+03 8.301979335388256004e+03
4.056597333965637972e+03 2.863849402891219142e+03 8.083968420008356588e+03
4.391177300712877695e+03 2.517803318416293223e+03 7.947993740562719722e+03
3.738612826298275195e+03 2.505768070388839078e+03 7.144013327332262634e+03
3.984146282838848947e+03 3.236974086429857834e+03 8.718035032965124628e+03
4.171409217857312797e+03 2.853152365425360131e+03 7.737999329966199184e+03
3.305574875574201997e+03 1.843926277506642919e+03 7.140978170589962247e+03
3.277306337673814141e+03 1.840080273025673023e+03 7.058993826276893742e+03
4.402436091144008969e+03 2.527960210989711868e+03 7.906981957134749791e+03
4.640285724032422877e+03 1.945003181789413929e+03 7.540018509995898057e+03
4.008582675301157906e+03 3.257960909095947045e+03 8.309008915561511458e+03
3.856421498534054990e+03 4.376888459577428875e+03 8.348031896880247587e+03
3.764073526107103135e+03 2.669802858406807900e+03 7.352031820168905142e+03
5.119701026865696804e+03 1.718824175563963081e+03 6.785017172392508655e+03
3.224385828216764821e+03 1.835828679190731009e+03 7.068021970822354888e+03
3.840223742913145998e+03 4.314182822005946946e+03 8.358983884670542466e+03
4.399586535135583290e+03 2.391066965208810871e+03 7.776036790046958231e+03
3.945198427507025826e+03 3.258890216276044157e+03 8.521047936472297806e+03
3.378230290836591848e+03 1.893082974504473896e+03 7.115025841094961834e+03
4.164541596341465265e+03 3.576758740138530811e+03 8.516038885548730832e+03
3.865531910877331939e+03 4.456935002703748069e+03 8.297970815150101771e+03
3.948355025673125056e+03 3.053040175858494877e+03 7.780048236274174087e+03
4.123715650353821729e+03 3.303865764929350917e+03 8.496012671914553721e+03
4.687695710814710765e+03 4.184848459805473794e+03 8.259004977380223863e+03
3.760546548137418995e+03 2.302853720948210139e+03 7.106977032894309559e+03
4.112386722700955943e+03 3.416151397196756989e+03 8.513960690684110887e+03
3.849379806724763057e+03 4.374782943015272394e+03 8.371037598014199830e+03
5.041560710215969266e+03 1.864171134839439901e+03 7.122038477108099869e+03
2.128301477162542142e+03 1.843014351700928955e+03 6.619978790502662378e+03
1.599091295564880056e+03 1.745066262988839981e+03 6.626960530136768284e+03
3.524478556282634145e+03 5.289888511624545572e+03 8.434030110785481156e+03
2.717569869642837148e+03 1.888115336756371107e+03 6.793042007082843156e+03
4.366443848905779305e+03 2.246141503765939888e+03 7.717012206704275741e+03
3.844434759597143966e+03 4.340863546382487584e+03 8.338963201927732371e+03
1.765620522170579989e+03 1.798049611748419920e+03 6.651002042158135737e+03
4.084203203240280800e+03 2.922829525476509843e+03 8.253024176124550650e+03
4.673407810651782711e+03 1.977202511740795899e+03 7.496984442844306614e+03
1.951182669230674037e+03 1.815011425367752963e+03 6.589043363458865315e+03
2.407043356755556033e+03 1.791829805573732983e+03 6.624994613390638733e+03
4.912113181788404290e+03 1.776120946563728921e+03 7.582964902193313719e+03
1.792434416357956025e+03 1.796783062368326910e+03 6.647994936265426986e+03
4.913692246378349409e+03 2.889901940407574784e+03 6.715954872631812577e+03
4.962598828412552393e+03 2.851938348331466841e+03 6.068034055527074997e+03
3.212342502237504959e+03 1.618097343984364898e+03 5.424986775346211289e+03
3.858532382491404860e+03 4.379849659979850003e+03 8.340028582513112269e+03
5.068381977040602578e+03 1.848934341649631961e+03 7.118021710517481552e+03
1.953302154697501919e+03 1.815861576906725986e+03 6.598042474254105400e+03
3.530221488956532994e+03 5.031861294319642184e+03 8.438036001316544571e+03
3.080339671475802788e+03 1.806072213788892896e+03 6.870001399505195877e+03
3.966342132510893862e+03 3.060095759878448007e+03 8.341033885002256284e+03
3.911270666383712978e+03 3.112184924615197815e+03 8.337042552033517495e+03
1.756446826315860108e+03 1.770086225065593908e+03 6.631012409870758347e+03
2.976165218371059836e+03 3.095840647311065823e+03 6.791953776734178973e+03
4.093327615227627120e+03 2.837188443628841014e+03 8.116956960260492451e+03
4.054458599738406065e+03 2.866799796836419773e+03 8.051968438598243665e+03
4.480282938878607638e+03 2.549753640410004209e+03 7.224019052754199947e+03
4.168285900449246583e+03 3.019146026482754223e+03 8.471024620169593618e+03
4.128600852471906364e+03 3.462767971860076159e+03 8.518024656947236508e+03
1.944526705793897918e+03 1.785072866833776061e+03 5.565953677409201191e+03
2.201725507042964182e+03 1.835013168224774063e+03 6.723956242450898571e+03
2.640662790932296957e+03 1.858019478569344983e+03 6.794983006567948905e+03
3.849205762999290982e+03 4.068983184984786931e+03 7.876040192120667598e+03
2.067617915688495032e+03 1.828174058181251894e+03 6.614002990827690155e+03
5.566632435526823429e+03 4.214769738288706321e+03 7.937980339183899559e+03
5.156599017781045404e+03 3.037174070749475050e+03 7.050994865842792024e+03
5.057103104168959362e+03 1.840882640977740039e+03 7.128032982227630782e+03
3.041512016176458019e+03 1.834859916499443898e+03 6.856011754377652323e+03
1.946240387811644950e+03 1.839156120928561904e+03 6.596037936865684969e+03
4.463079481114748887e+03 2.589831424767412955e+03 7.878015114332389203e+03
2.365223198249257166e+03 1.764988668408725971e+03 6.101017673232221568e+03
5.086024296026243974e+03 1.705924427080175974e+03 6.135047301646893175e+03
3.416394948756595113e+03 3.290019381964952117e+03 6.844036095326345276e+03
4.059259392073141044e+03 2.893825479638670004e+03 7.850953097985492604e+03
3.932229958679973151e+03 3.001835936216712980e+03 7.916982480705592934e+03
2.648423526659244089e+03 1.847005182819890933e+03 6.783983001242482715e+03
3.530210276004980187e+03 5.061943893631355422e+03 8.438012150162323451e+03
3.514664559184120208e+03 5.055970594686819823e+03 8.393025442741203733e+03
2.392197706768314220e+03 1.777825138572613923e+03 6.543004107075840693e+03
5.112605293815559889e+03 1.723043775374510005e+03 6.739021694382407986e+03
4.817363234005250888e+03 1.975150821708881949e+03 7.478978305366866152e+03
3.236491247809723063e+03 1.713022730930061016e+03 7.199950026236691883e+03
3.032380118932375808e+03 1.757773321192893036e+03 6.892037863420563554e+03
3.594019859107910179e+03 2.321861695915057226e+03 7.134965836292856693e+03
4.815238102625791726e+03 1.981926003315466005e+03 7.472977797813054167e+03
5.069076225588867601e+03 1.839185647220939927e+03 7.097023977991216270e+03
3.557413534498376976e+03 3.304815939814811827e+03 6.687951450218680293e+03
3.784621937458769935e+03 2.425794730227992204e+03 7.330017290970258728e+03
3.995699993466611886e+03 2.969198466327573897e+03 7.826958410054835440e+03
4.432015171633928730e+03 2.567773237070117830e+03 7.845045655256734790e+03
4.170443232952244216e+03 3.031891292692057959e+03 8.541017176724360979e+03
