2.281528433008294030e+02 1.219067757881184889e+03 9.959978803236617750e+03
-3.359637150355932818e+02 1.112195368338044091e+03 9.509993611164198228e+03
-3.966609107509298155e+02 1.128246277792123919e+03 9.201987303599162260e+03
6.717231714940611198e+01 7.948033616270226958e+02 9.633950023238774520e+03
2.740531254714608735e+02 8.401814369725984761e+02 9.864038286804097879e+03
-8.674279420416432629e+01 9.918397076848140159e+02 9.509021741681945059e+03
-2.914798279923596738e+02 1.483870035724967011e+03 9.647020585293288605e+03
4.004228988944204843e+02 9.418660046337270160e+02 9.663017385700859450e+03
5.039875937978330001e+00 1.119842043105061975e+03 9.651001096506579415e+03
-3.663180136509486147e+02 1.285950068593959941e+03 9.553959211761795814e+03
-6.614344273689562215e+02 1.271145688016275017e+03 9.612039056302455720e+03
2.112118005574834001e+02 8.020314697496473855e+02 9.807045591998812597e+03
3.171155184301076133e+02 1.255097834973722001e+03 9.983968008565965647e+03
3.241803350436204028e+02 8.478019296051201081e+02 9.794034930917674501e+03
1.745086853242175948e+02 1.306924304239161984e+03 1.060096307356297075e+04
-7.588181930675306148e+02 1.318966332428957003e+03 9.259018501521561120e+03
-7.447341509396575248e+02 1.366073463762400024e+03 9.594010230898900772e+03
-8.005286403432229463e+02 1.394934471580367926e+03 9.775997235397831901e+03
2.733649532107190225e+02 1.276829167596908974e+03 1.057696571894090084e+04
3.622985111246745191e+02 1.236858602569149980e+03 9.893969176713964771e+03
-7.518027845303498680e+02 1.350831554812022887e+03 9.657012658619663853e+03
-8.873519535322200227e+02 1.413140323177505024e+03 9.664981757013243623e+03
2.641546936670550849e+02 1.313978283070746102e+03 9.857958530598878497e+03
3.284076352421005822e+02 1.244907678112697113e+03 9.884969437703810399e+03
-1.175388005616443024e+03 1.416968741374650108e+03 9.589034054603394907e+03
-1.010878098895204971e+03 1.492798580204298105e+03 9.561044843711588328e+03
-1.264315262042432096e+03 1.564866129752095048e+03 9.544982444641715119e+03
-1.190938572838523896e+03 1.402158451998790042e+03 9.679034460853548808e+03
-1.260685611878722057e+03 1.396916857954317038e+03 8.926022210232071302e+03
-1.200851475220589009e+03 1.582757918371336928e+03 9.953990273844270632e+03
-1.396988726915059033e+03 1.424967193807096010e+03 9.216987677395891296e+03
-1.166958788195747047e+03 1.725170476788551014e+03 1.003095954826797060e+04
-1.355474313780222019e+03 1.892217484358732918e+03 1.017797549876330959e+04
-1.334379168351795897e+03 1.832139605951872909e+03 1.054799753384092037e+04
-1.299732090347675012e+03 1.778229284382296100e+03 1.026801993967989074e+04
-1.386517036950732972e+03 1.965948694593191021e+03 1.012404610489932929e+04
-1.339951356580694892e+03 1.892228951937727061e+03 1.022397876978014938e+04
-1.365393040257185021e+03 1.781204115597683995e+03 1.026400542576569023e+04
-1.346301452512265996e+03 1.996080366700356990e+03 1.027404533114936930e+04
-1.363289433659218048e+03 1.732050436644250112e+03 1.029901944084094066e+04
-1.446474141260958959e+03 1.995131511771656960e+03 9.904023727971200060e+03
-1.536863653801025976e+03 1.991784466180859908e+03 9.997003698669304868e+03
-1.313840644614610028e+03 1.759139229456631028e+03 1.019502235652620948e+04
-1.347653029118059976e+03 2.007859490060888902e+03 9.995041321909044200e+03
-1.521339849702852916e+03 2.034182142209833955e+03 1.005999400781816075e+04
-1.600338131769118945e+03 2.391865755266166161e+03 1.000494997668060023e+04
-1.397795923651023031e+03 2.427990723639894895e+03 1.035598381338502077e+04
-1.583427945180608958e+03 2.332988995312226962e+03 1.009897604672702982e+04
-1.512762479452542948e+03 2.254030308162100937e+03 9.763021572292398560e+03
-1.455611893945407928e+03 2.485099454219805011e+03 1.005804943235083010e+04
-1.510641279729695043e+03 2.585091081528834820e+03 9.971996837570590287e+03
-1.501498498792210967e+03 2.387180658923346982e+03 9.985975704858990866e+03
-1.432335004109847887e+03 2.371097225126481135e+03 1.007099758983106040e+04
-1.385722707753822078e+03 2.652118521046666956e+03 1.017899757572720046e+04
-1.363798283249913993e+03 2.686800057448223015e+03 1.001798772685102995e+04
-1.341945596703058982e+03 2.744092152438349785e+03 1.020796793123146927e+04
-1.248006294482350995e+03 2.695227562377121103e+03 9.941007801791987731e+03
-1.246647985936821897e+03 2.792002260879608912e+03 1.028096639350093028e+04
-1.154871740074376930e+03 2.847951868710818871e+03 1.031895884443877912e+04
-1.287465819310940105e+03 2.792151677155541165e+03 9.642958166450822318e+03
-1.335621326736632000e+03 2.814103881105298115e+03 1.039603832119802973e+04
-1.328548944538526030e+03 2.851807861117390075e+03 1.036102301067735061e+04
-1.301742587907584038e+03 2.921803694919377904e+03 1.050999679957700027e+04
-1.123853833085290034e+03 2.792946870449638027e+03 1.053698876604305042e+04
-1.212742823830466023e+03 3.040813650961446001e+03 1.035095853936475942e+04
-1.267814501126875939e+03 3.014127472195231803e+03 1.036696055254629027e+04
-1.172516620236289100e+03 3.078153083489069104e+03 1.045004869428701932e+04
-1.204963526816597096e+03 3.059855930845089006e+03 1.029095087715653972e+04
-1.268625835401278891e+03 3.066106948104915773e+03 1.093303623030241033e+04
-1.268425739598178097e+03 2.976171892895636120e+03 9.863978224979420702e+03
-1.232580353600752915e+03 3.136812996760458191e+03 1.078200881165839019e+04
-1.129378796787116016e+03 3.100838919353468100e+03 1.004804539375977947e+04
-1.230433686830316901e+03 3.104092628201911793e+03 1.061102523982405910e+04
-9.535221617511588192e+02 3.104791278755357780e+03 9.501971449716176721e+03
-9.373965998293793973e+02 3.278131050446759218e+03 1.036398762793543938e+04
-9.938726311679861283e+02 3.189104855603230135e+03 1.030702431538532983e+04
-9.889117348801250955e+02 3.354811895967151031e+03 1.029403951850062913e+04
-1.100454931152944937e+03 3.222140811726118955e+03 1.023999021739829004e+04
-8.865795634082843435e+02 3.151823102068497064e+03 1.035795807902658089e+04
-8.935341790753946043e+02 3.045897933154216844e+03 9.536008573718896514e+03
-1.049709446191849111e+03 3.007850697641716124e+03 1.059400306889744934e+04
-9.113508968520566214e+02 3.037990656689037223e+03 1.072300998554444050e+04
-8.379172109058592923e+02 3.157089556140792865e+03 1.073096207941224930e+04
-8.097115504741532277e+02 3.219126517605322988e+03 1.104203527305271928e+04
-7.934392700582289990e+02 3.143092756424087838e+03 1.071897467642684933e+04
1.116468698615167057e+02 1.199914474653470052e+03 9.533985530357216703e+03
1.321068301114704013e+02 1.354042042674213008e+03 8.947954204663572455e+03
-7.687462476174463291e+02 1.361851339417318968e+03 9.658008295908473883e+03
