 x(m) y(m) z(m) time(s) chi2
        435.5596827920843        1810.088743335747        7823.027515116245        70523.79424578400        1.399999976158142
        518.1220677260596        1860.894426486723        7696.006695631011        70523.79466625300       0.5299999713897705
        334.6372515475793        1693.150629227566        7803.966174696973        70523.79695206200        1.210000038146973
        117.2500368668451        1746.006465897524        7454.959561204229        70523.80539197900        1.710000038146973
        33.26827273670439        1488.864842554721        7468.025915977217        70523.80593517800        1.000000000000000
       -117.7456376777433        1065.020080030311        6191.009862784665        70523.82350719599       0.6000000238418579
        57.26267007874530        1815.080627335776        7535.040663284414        70523.82431945000       0.9499999880790710
       -108.5890376354955        1171.102068303065        7252.991398863624        70523.82520674700       0.6800000071525574
       -118.4619195478111        1101.125038346366        6789.003711636800        70523.82561809500        1.879999995231628
        180.0577346274366        1559.977299044280        7226.006421977379        70523.82624076400        1.230000019073486
        371.3151341407018        1901.091598954072        7554.005019476926        70523.82676088200        4.440000057220459
        590.1732809727621        1722.952659654313        8298.039320604854        70523.82697665400       0.5600000023841858
        490.6332304594856        1800.007425056754        8119.026397957451        70523.82829469501       0.6100000143051147
       -63.42181378648326        1202.053867296139        7401.986236988289        70523.82914383200       0.2899999916553497
       -486.8808245192839        1286.792200749613        7404.951436354469        70523.82932698200        1.629999995231628
        463.6785307639935        1974.023507711101        6388.976719612498        70523.82965730800        1.710000038146973
       -57.77270890925218        1194.790386843173        7072.987652798120        70523.83208034700        1.519999980926514
        142.6644815299626        1691.019023488369        7771.973907162360        70523.83226846000       0.8799999952316284
        32.55836509432868        1769.982507248356        6842.953905546241        70523.83237480800       0.7099999785423279
        165.2498120768969        1585.940711691354        7720.000418788161        70523.83476154400       0.3100000023841858
       -118.4705936293965        1130.862815185360        7276.998502925020        70523.83486711700        1.149999976158142
        297.1743587063029        1589.880027115672        6517.994625320553        70523.83634947200        4.599999904632568
        524.4764909215808        1837.175154178477        7712.013070714466        70523.84222055800        1.049999952316284
        153.2515546172993        1582.974223756835        7717.001456273752        70523.84313800700       0.8100000023841858
       -130.4630397281685        1118.952577951564        6998.000370752306        70523.84466176100        1.299999952316284
       -121.2851294123790        1069.779351579632        6787.009006574553        70523.84476087500        1.409999966621399
        639.5468839009263        1818.204905529887        8016.008056889093        70523.84580202700        1.240000009536743
       -278.6771113266929        1010.115448249161        7155.013839635197        70523.84702901900       0.8999999761581421
        330.4218221078484        1694.097088996820        8176.966155779780        70523.84943280900       0.1800000071525574
       -69.76968306121732        1190.968286231955        7020.988248789015        70523.84972672600       0.2599999904632568
       -678.8722966480453        680.1493606082224        7214.027694034919        70523.85372034300        3.000000000000000
       -402.8589128268739        785.9490099458835        6500.038852753028        70523.85546852200        1.080000042915344
       -849.5780991823808        616.9708839827570        6454.013714327623        70523.85766648701        2.289999961853027
       -821.3181094010321        600.0016097061037        6197.019028177795        70523.86849441900        1.269999980926514
       -834.7608414987898        614.8535857048230        6473.015872011776        70523.87423613700        1.590000033378601
       -818.4586184171693        594.0445385617472        5906.019950422473        70523.88344389800       0.4699999988079071
