4.355596827920842884e+02 1.810088743335747040e+03 7.823027515116245013e+03
5.181220677260596403e+02 1.860894426486722978e+03 7.696006695631011098e+03
3.346372515475792966e+02 1.693150629227566014e+03 7.803966174696973212e+03
1.172500368668450932e+02 1.746006465897524095e+03 7.454959561204229431e+03
3.326827273670438956e+01 1.488864842554721008e+03 7.468025915977216755e+03
-1.177456376777433036e+02 1.065020080030310965e+03 6.191009862784664620e+03
5.726267007874530179e+01 1.815080627335775944e+03 7.535040663284414222e+03
-1.085890376354955009e+02 1.171102068303064925e+03 7.252991398863624454e+03
-1.184619195478111067e+02 1.101125038346365955e+03 6.789003711636800290e+03
1.800577346274365880e+02 1.559977299044280016e+03 7.226006421977379432e+03
3.713151341407017867e+02 1.901091598954071969e+03 7.554005019476925554e+03
5.901732809727620861e+02 1.722952659654313038e+03 8.298039320604853856e+03
4.906332304594856168e+02 1.800007425056754073e+03 8.119026397957451081e+03
-6.342181378648326273e+01 1.202053867296139060e+03 7.401986236988289420e+03
-4.868808245192839195e+02 1.286792200749612903e+03 7.404951436354468569e+03
4.636785307639934786e+02 1.974023507711101047e+03 6.388976719612497618e+03
-5.777270890925218083e+01 1.194790386843173110e+03 7.072987652798119598e+03
1.426644815299625861e+02 1.691019023488368930e+03 7.771973907162359865e+03
3.255836509432867842e+01 1.769982507248355887e+03 6.842953905546241003e+03
1.652498120768968874e+02 1.585940711691353954e+03 7.720000418788161369e+03
-1.184705936293965038e+02 1.130862815185359977e+03 7.276998502925020148e+03
2.971743587063028826e+02 1.589880027115671965e+03 6.517994625320552586e+03
5.244764909215807620e+02 1.837175154178476987e+03 7.712013070714466267e+03
1.532515546172992913e+02 1.582974223756835045e+03 7.717001456273752410e+03
-1.304630397281684964e+02 1.118952577951564081e+03 6.998000370752305571e+03
-1.212851294123790069e+02 1.069779351579632021e+03 6.787009006574552586e+03
6.395468839009263320e+02 1.818204905529886901e+03 8.016008056889092586e+03
-2.786771113266929092e+02 1.010115448249160977e+03 7.155013839635196746e+03
3.304218221078484135e+02 1.694097088996820048e+03 8.176966155779779911e+03
-6.976968306121732155e+01 1.190968286231955062e+03 7.020988248789015415e+03
-6.788722966480453351e+02 6.801493606082224233e+02 7.214027694034918568e+03
-4.028589128268739046e+02 7.859490099458835175e+02 6.500038852753027641e+03
-8.495780991823808108e+02 6.169708839827569591e+02 6.454013714327623347e+03
-8.213181094010320749e+02 6.000016097061037499e+02 6.197019028177795008e+03
-8.347608414987897731e+02 6.148535857048229900e+02 6.473015872011776082e+03
-8.184586184171693048e+02 5.940445385617472311e+02 5.906019950422472903e+03
