-1.506650026193904068e+03 9.208208561077057084e+02 9.887956100485058414e+03
-1.610747204944909072e+03 4.350408308700882003e+02 7.969982399571955284e+03
-1.488607143128768030e+03 7.188876990701885461e+02 8.071986274582256556e+03
-1.627700001086750945e+03 5.452067052420345590e+02 8.088969624595735695e+03
-1.501346632823976961e+03 7.320410034768636933e+02 8.223981801106994681e+03
-1.632616397483569017e+03 5.621468581399341247e+02 8.002966893857409559e+03
-1.670767275483758112e+03 5.570802612577556374e+02 8.125957487182742625e+03
-1.532457969396707995e+03 2.969214851483633879e+02 8.147009595273625564e+03
-1.845905119857209002e+03 5.770501079808237819e+02 8.398007158964710470e+03
-1.628473109878962987e+03 2.041516215906538889e+02 8.122989510076181432e+03
-1.930649486314124943e+03 5.961445884925605014e+02 8.519980375179673501e+03
-2.013972644042042020e+03 6.118466408567875305e+02 8.600953184534830143e+03
-1.507864951190437978e+03 5.278741957301047023e+02 8.787000495908392622e+03
-1.591838198850811068e+03 4.888921004753560737e+02 8.608983248174934488e+03
-2.050685749447029139e+03 7.131293784470069568e+02 8.681031561284706186e+03
-2.165812774168291980e+03 8.051296936603787344e+02 8.911982639206289605e+03
-1.526381257853322040e+03 4.859782773823160937e+02 9.432999459657001353e+03
-2.369903366877850203e+03 7.200228328896198491e+02 9.032020064196656676e+03
-2.079739316916358803e+03 1.069150818012305081e+03 9.257972362464630351e+03
-2.033751574177518023e+03 1.077988142488906988e+03 8.953985644679605684e+03
-2.071968694182020045e+03 1.053889954766556912e+03 9.232977428835511091e+03
-2.030372728955414004e+03 1.056877413755481030e+03 9.414990288858576605e+03
-2.028284985624829005e+03 1.111141430891613936e+03 9.546981718194712812e+03
-2.673486913349904171e+03 6.518795712981918768e+02 9.007007284186780453e+03
-2.587327159695611954e+03 6.230328901143456051e+02 8.916045611541472681e+03
-1.509353165716996955e+03 1.306844480628820065e+03 9.634987511172161248e+03
-1.539723904992340067e+03 1.366197522983864928e+03 9.725967812113191030e+03
-1.311620389978447065e+03 1.321175107930441072e+03 9.402028158633220301e+03
-1.507911768319715065e+03 1.352168312126334968e+03 9.540978379371808842e+03
-1.503709951600035083e+03 1.328039682983265948e+03 9.669984455412732132e+03
-1.525594410429486970e+03 1.306001988159448956e+03 9.646983830462877449e+03
-2.809729239023013179e+03 5.870807711120497743e+02 8.931955164484912530e+03
-2.803517234282876871e+03 6.159256359448587546e+02 9.274955199727011859e+03
-2.864866709242739034e+03 5.599908429264677352e+02 9.071033738325544618e+03
-1.149954372155410965e+03 1.474161078332037050e+03 9.529025687396839203e+03
-1.162619582140155899e+03 1.483008650136129063e+03 9.301021331876881959e+03
-2.896406104067549222e+03 5.858032150773134390e+02 8.579017152817947135e+03
-1.248867757423566900e+03 1.475110564052472000e+03 9.915006931603824341e+03
-2.942556460614969183e+03 5.011169309285315876e+02 9.095003366866996657e+03
-3.020264304236019143e+03 5.460687904197282023e+02 9.223963449324568501e+03
-2.980798410668885936e+03 6.261650484248037856e+02 9.430974616914692888e+03
-3.042854624350787162e+03 5.371763706644401282e+02 9.212953494194898667e+03
-8.788930163016502775e+02 1.427147750593022010e+03 9.769979803591621021e+03
-9.438331561690235958e+02 1.483081260726499067e+03 9.716957759455042833e+03
-8.456986718578923501e+02 1.536054105450037923e+03 9.755958929316413560e+03
-3.452357797568333808e+03 3.699309545191774760e+02 9.119957602318090721e+03
-3.484909136001143906e+03 3.801211600243029238e+02 9.263038974040046014e+03
-7.899536807412757753e+02 1.333925888090808030e+03 9.859011630754122962e+03
-7.589059279347454776e+02 1.291992619028900890e+03 9.980024043751423960e+03
-3.709402609604849204e+03 4.369883232967508206e+02 9.255008637048184028e+03
-5.915781368957830182e+02 1.181791319744640077e+03 9.970962540096494195e+03
-7.023932372426603479e+02 1.511913084042683977e+03 9.866982059867141288e+03
-3.806541096421748080e+03 4.920791058003050011e+02 8.798048028805513241e+03
-7.299381997521139738e+02 1.558137810824797043e+03 9.986967831926745930e+03
-7.193485568435363575e+02 1.542879492593634041e+03 9.983972748517295258e+03
-3.863306234743723962e+03 5.311259586533299171e+02 9.299010935092803265e+03
-7.546459913701587539e+02 1.597976648197568011e+03 9.985955087286998605e+03
-7.645418750216246053e+02 1.525095195595534960e+03 1.003297179264495026e+04
-4.022964225463978892e+03 8.371890520535160931e+02 9.655979260538486415e+03
-3.809759899111929826e+03 8.248152504415754720e+02 9.685011851243056299e+03
-6.967804024629881496e+02 1.472992808879153017e+03 1.016499180928361966e+04
-4.065749842961021159e+02 1.613217451253992976e+03 1.000698284644934938e+04
-3.868284715533404210e+02 1.216134592943705002e+03 1.010797173742167979e+04
-3.911962542556240805e+03 9.078848037189912930e+02 9.455038400934095989e+03
-4.094977892421800789e+03 9.219828261956824917e+02 9.708022428488980950e+03
-4.715456907911495819e+02 1.579788583131562973e+03 1.020198677649469028e+04
-4.327213844312968263e+02 1.166964473921472973e+03 1.005097799973027941e+04
-5.237723687299293260e+02 1.742071018299667003e+03 1.005203997210240050e+04
-4.080173149861644788e+02 1.194114568758961923e+03 1.019897459127124057e+04
-2.456247962688800897e+02 1.055957100843699891e+03 1.026700730907049001e+04
-4.108373527400230159e+03 1.085157810337444971e+03 9.787988126302714591e+03
-3.868814072836256855e+03 9.570085377429622895e+02 9.353957827596794232e+03
-3.924682841212988023e+03 9.710403100820755071e+02 9.517021296640388755e+03
-3.873926860575050796e+03 8.489803963135937011e+02 9.562970098692941974e+03
-3.824384765358684945e+03 1.040069438769854969e+03 9.491971550762214974e+03
2.733607582510318821e+02 9.639895449109806123e+02 1.026802077524993001e+04
-4.064941035422838922e+03 1.014868760968633978e+03 1.027902758355924925e+04
2.345266418232598085e+02 9.419547127463505376e+02 1.030002561643535046e+04
2.712387984380637818e+02 9.682150381718516883e+02 1.018502022326963015e+04
-3.963475564026677148e+03 9.371425059104773254e+02 9.432002432952396703e+03
-3.926697578541890834e+03 1.202839998646430104e+03 9.504980472611357982e+03
-3.833504616402370175e+03 1.252812918059328013e+03 9.538027388958042138e+03
3.517152366752844728e+02 9.351074321613598386e+02 9.825021248777962683e+03
5.402805774670066512e+02 1.094999763300960012e+03 1.049498261153591011e+04
-3.798986551787028020e+03 1.280797368657013976e+03 9.685042449039952771e+03
-3.840535912843597998e+03 1.265944870147805887e+03 9.499020563608029988e+03
-3.902716195559624794e+03 1.157912041421006961e+03 9.512003487758453048e+03
5.466150707066668701e+02 1.077156328161155898e+03 1.024198511297550067e+04
-3.786875637957207800e+03 1.275245953212586073e+03 9.497951101398521132e+03
6.489983948498869495e+02 1.147100202048482060e+03 1.028496332333839928e+04
-3.732546654631969886e+03 1.245144009964926909e+03 9.533989012355907107e+03
-4.076301240135021089e+03 1.372225905871725899e+03 1.061795342564573912e+04
5.501290399619125537e+02 1.122900280982356890e+03 1.008097690362909088e+04
-4.127652213447439863e+03 1.354995102551135005e+03 9.210023464638759833e+03
-4.161728720912297831e+03 1.377958962641343987e+03 9.517996517936288001e+03
-4.191394450300847893e+03 1.381791140173394979e+03 9.541976316227359348e+03
-4.172353936248579885e+03 1.509789463107284064e+03 9.660959722526391488e+03
-4.245812555923925174e+03 1.355132099441694891e+03 9.609045771918354149e+03
-4.178257664151670724e+03 1.387999885723354964e+03 8.889983408048808997e+03
-4.247273336248216765e+03 1.370830470553773921e+03 9.693041460688920779e+03
-4.100602926284569548e+03 1.290070794270812939e+03 8.818954662161631859e+03
-4.385991893813733441e+03 1.515119763834102059e+03 1.028601584994398945e+04
-4.287604544256276313e+03 1.344174513474443984e+03 9.807020258445903892e+03
-4.333620790914808822e+03 1.234879550522214004e+03 9.917011408363305236e+03
-4.359511461248673186e+03 1.293099961060886926e+03 1.064998243454153089e+04
-4.256594704183583417e+03 1.386987464060000093e+03 9.919031817825178223e+03
-4.317243485572264944e+03 1.646125608554033988e+03 8.944029750484511169e+03
-4.321308731891396747e+03 1.620053198740030894e+03 9.719033896510924023e+03
-4.467354509144672193e+03 1.714028640272462098e+03 1.065600879327969051e+04
-4.394469651701129806e+03 1.575911611719277062e+03 9.306995009198763000e+03
-4.295722401915742921e+03 1.753063972672503951e+03 9.555015849046178118e+03
-4.404462435858571553e+03 1.619186961227431993e+03 9.494977322176298912e+03
-4.371431268877408002e+03 1.667123010853265896e+03 9.745987681140741188e+03
-4.404942333696103560e+03 1.688034222074126092e+03 1.023795930732672059e+04
-4.408461841118262782e+03 1.906882064873348099e+03 9.345994443532434161e+03
-4.488479988382723604e+03 1.965829345026606006e+03 1.074402183762670938e+04
-4.383299870723138156e+03 2.018034792635043914e+03 9.787977595927459333e+03
-4.395844199199045761e+03 1.934041595264535999e+03 9.493994977148631733e+03
-4.423459301869092997e+03 1.890857195991884964e+03 9.584988934570528727e+03
-4.333639400708896574e+03 2.034852936070647047e+03 9.442005992320624500e+03
-4.365604095120046622e+03 1.828113989106572944e+03 9.592047027302809511e+03
-4.473802619974903791e+03 1.980837310039233898e+03 9.960027239657569226e+03
-4.544415210004686742e+03 2.094903841615336205e+03 1.005504056911217049e+04
-4.265288930462617827e+03 1.995038560041934034e+03 9.602964989336840517e+03
-4.097800856105185630e+03 2.071171292899507989e+03 9.379050139648425102e+03
-1.948974985487277991e+03 6.880879513979599551e+02 8.486965536205549142e+03
-3.460568253020147949e+03 4.542280520762665219e+02 8.693047251706440875e+03
-4.003276079802325967e+03 2.139832678455009955e+03 9.535986758391098192e+03
-3.932728962848842002e+03 2.088116677224410068e+03 9.577047722586112286e+03
-3.957397591626658141e+03 1.980870138034269075e+03 9.440967141349587109e+03
-3.972741132020044915e+03 2.296958363597877906e+03 1.048895128447450952e+04
-3.907322572430270156e+03 2.202979706644674025e+03 9.667024601022581919e+03
-3.793506039214464181e+03 2.304992135493449950e+03 9.467957353128915202e+03
-3.782834446185444904e+03 2.290102144240996040e+03 9.317969014249332758e+03
-3.747532872595627850e+03 2.307886227492777834e+03 9.318983377993772592e+03
-3.571809761222822090e+03 2.281145079796337996e+03 9.383993997978963307e+03
-3.527551535366791995e+03 2.388032626712842102e+03 8.564979178943494844e+03
-2.554820320643239029e+03 6.692053466707832285e+02 8.867954382298310520e+03
-3.377318104614416825e+03 2.511066391407237006e+03 1.018201329952158994e+04
-3.283321686870906888e+03 2.338002694731157135e+03 9.869027518666622200e+03
-3.179357588974839018e+03 2.674818790785162037e+03 9.718047980977569750e+03
-3.224341326762778863e+03 2.782949258879863919e+03 1.080397934033786078e+04
-2.358607514578785867e+03 7.751101316973550865e+02 9.069017773277197193e+03
