-1.806672674265281103e+03 5.320084109287199681e+02 6.930022227230502722e+03
-1.512394728880849925e+03 8.191947842231857067e+02 7.241968538772266584e+03
-1.529340931359630986e+03 8.251326675061708329e+02 7.276963740763941132e+03
-1.381879880116465074e+03 3.099839225817266879e+02 7.153043269725020764e+03
-9.484148837544167918e+02 8.169519131093599071e+02 6.839977281997897080e+03
-1.456627186542840036e+03 5.209399414394885071e+02 6.994012893325416371e+03
-1.350642706478718083e+03 2.739345680261695861e+02 6.269951482581192067e+03
-1.218751460828347945e+03 2.900306946597730189e+02 6.687977289120821297e+03
-1.634466139825746950e+03 1.006879158166947036e+03 7.255011167602878231e+03
-2.041371912013901010e+03 1.033907891918825953e+03 6.259989868677078448e+03
-1.519452419935870012e+03 8.170775739487756937e+02 7.239967137158685546e+03
-1.484681389401089973e+03 1.981310048504390977e+02 6.015024653453362589e+03
-1.446688582172291035e+03 5.090565966053928264e+02 6.731016104816853840e+03
-6.993395507351704055e+02 7.607211504320839879e+01 6.800961286035550074e+03
-1.213720225918830920e+03 3.251638692964352799e+02 6.232976539070472427e+03
-1.521607727241779003e+03 -1.881471905567026965e+02 6.722016291688613819e+03
-1.474975953685348031e+03 5.391580690664778786e+02 7.000007167921843575e+03
