-2.538300000000000182e+03 1.830229999999999927e+04 0.000000000000000000e+00
-7.524300000000000182e+03 1.651940000000000146e+04 0.000000000000000000e+00
0.000000000000000000e+00 0.000000000000000000e+00 0.000000000000000000e+00
3.433000000000000114e+02 1.394650000000000000e+04 0.000000000000000000e+00
-5.551600000000000364e+03 1.326539999999999964e+04 0.000000000000000000e+00
-2.324900000000000091e+03 1.169060000000000036e+04 0.000000000000000000e+00
-1.027489999999999964e+04 1.151350000000000000e+04 0.000000000000000000e+00
1.966799999999999955e+03 1.112560000000000036e+04 0.000000000000000000e+00
3.392300000000000182e+03 9.190799999999999272e+03 0.000000000000000000e+00
-5.762600000000000364e+03 9.490799999999999272e+03 0.000000000000000000e+00
-3.057500000000000000e+03 7.455600000000000364e+03 0.000000000000000000e+00
1.659000000000000057e+02 7.067899999999999636e+03 0.000000000000000000e+00
5.207699999999999818e+03 7.044399999999999636e+03 0.000000000000000000e+00
3.332099999999999909e+03 4.437199999999999818e+03 0.000000000000000000e+00
-4.610000000000000142e+01 4.241399999999999636e+03 0.000000000000000000e+00
6.804399999999999636e+03 4.079400000000000091e+03 0.000000000000000000e+00
-2.681099999999999909e+03 2.611199999999999818e+03 0.000000000000000000e+00
-5.821500000000000000e+03 1.849700000000000045e+03 0.000000000000000000e+00
2.177000000000000000e+03 1.218799999999999955e+03 0.000000000000000000e+00
-1.759000000000000057e+02 3.563999999999999773e+02 0.000000000000000000e+00
2.009799999999999955e+03 -1.411299999999999955e+03 0.000000000000000000e+00
-4.987199999999999818e+03 -3.497400000000000091e+03 0.000000000000000000e+00
-3.155000000000000000e+03 -6.638000000000000000e+03 0.000000000000000000e+00
-3.153599999999999909e+03 -6.840100000000000364e+03 0.000000000000000000e+00
-2.071199999999999818e+03 -1.260629999999999927e+04 0.000000000000000000e+00
7.403399999999999636e+03 1.206799999999999955e+03 0.000000000000000000e+00
8.271000000000000000e+03 -3.923599999999999909e+03 0.000000000000000000e+00
1.129510000000000036e+04 -8.671600000000000364e+03 0.000000000000000000e+00
5.781800000000000182e+03 -8.414399999999999636e+03 0.000000000000000000e+00
8.242399999999999636e+03 -7.023399999999999636e+03 0.000000000000000000e+00
5.037899999999999636e+03 -1.309410000000000036e+04 0.000000000000000000e+00
6.120300000000000182e+03 -1.126039999999999964e+04 0.000000000000000000e+00
3.603400000000000091e+03 -1.365010000000000036e+04 0.000000000000000000e+00
7.744899999999999636e+03 -9.825799999999999272e+03 0.000000000000000000e+00
0.000000000000000000e+00 0.000000000000000000e+00 0.000000000000000000e+00 % annex
-644 1694 0 % kiva
-676 720 0 % hangar
0.000000000000000000e+00 0.000000000000000000e+00 0.000000000000000000e+00
0.000000000000000000e+00 0.000000000000000000e+00 0.000000000000000000e+00
0.000000000000000000e+00 0.000000000000000000e+00 0.000000000000000000e+00
