-1.784100000000000000e+04 3.290800000000000000e+04 9.808000000000000000e+03
-2.010600000000000000e+04 3.736500000000000000e+04 1.410900000000000000e+04
-2.067400000000000000e+04 3.779700000000000000e+04 1.292300000000000000e+04
-1.931600000000000000e+04 3.811800000000000000e+04 1.362000000000000000e+04
-2.138600000000000000e+04 4.170900000000000000e+04 1.539700000000000000e+04
-1.803200000000000000e+04 3.768900000000000000e+04 1.356000000000000000e+04
-2.010300000000000000e+04 3.861500000000000000e+04 1.521300000000000000e+04
-1.765700000000000000e+04 3.941200000000000000e+04 1.408700000000000000e+04
-2.055500000000000000e+04 3.913000000000000000e+04 1.131100000000000000e+04
-1.815000000000000000e+04 3.905400000000000000e+04 1.414100000000000000e+04
-1.969300000000000000e+04 3.803800000000000000e+04 1.426700000000000000e+04
