-1.302300000000000000e+04 2.097000000000000000e+03 5.759000000000000000e+03
-1.550000000000000000e+04 2.521000000000000000e+03 7.688000000000000000e+03
-1.298800000000000000e+04 1.818000000000000000e+03 7.080000000000000000e+03
-1.303000000000000000e+04 2.158000000000000000e+03 5.396000000000000000e+03
-1.325800000000000000e+04 2.006000000000000000e+03 4.655000000000000000e+03
-1.310400000000000000e+04 2.173000000000000000e+03 4.535000000000000000e+03
-1.311400000000000000e+04 2.243000000000000000e+03 4.494000000000000000e+03
-1.310500000000000000e+04 2.207000000000000000e+03 4.354000000000000000e+03
-1.329600000000000000e+04 1.980000000000000000e+03 4.450000000000000000e+03
-1.322600000000000000e+04 1.854000000000000000e+03 4.803000000000000000e+03
-1.337800000000000000e+04 2.483000000000000000e+03 5.005000000000000000e+03
-1.320900000000000000e+04 1.791000000000000000e+03 3.976000000000000000e+03
-1.340700000000000000e+04 2.384000000000000000e+03 4.042000000000000000e+03
-1.306500000000000000e+04 2.408000000000000000e+03 3.826000000000000000e+03
-1.366400000000000000e+04 1.326000000000000000e+03 3.738000000000000000e+03
-1.418800000000000000e+04 2.909000000000000000e+03 3.422000000000000000e+03
-1.301800000000000000e+04 1.575000000000000000e+03 2.866000000000000000e+03
-1.390000000000000000e+04 3.948000000000000000e+03 3.279000000000000000e+03
-1.685400000000000000e+04 4.347000000000000000e+03 5.211000000000000000e+03
-1.464100000000000000e+04 1.228000000000000000e+03 2.889000000000000000e+03
-1.234600000000000000e+04 1.906000000000000000e+03 6.094000000000000000e+03
