-1.290300000000000000e+04 2.254000000000000000e+03 5.490000000000000000e+03
-1.277500000000000000e+04 2.286000000000000000e+03 5.339000000000000000e+03
-1.261600000000000000e+04 2.100000000000000000e+03 5.466000000000000000e+03
-1.257700000000000000e+04 2.300000000000000000e+03 5.506000000000000000e+03
-1.265500000000000000e+04 2.005000000000000000e+03 7.787000000000000000e+03
-1.231000000000000000e+04 2.508000000000000000e+03 5.861000000000000000e+03
-1.249400000000000000e+04 2.003000000000000000e+03 6.396000000000000000e+03
-1.242000000000000000e+04 2.243000000000000000e+03 6.407000000000000000e+03
-1.221100000000000000e+04 2.156000000000000000e+03 5.745000000000000000e+03
-1.211300000000000000e+04 2.153000000000000000e+03 5.460000000000000000e+03
-1.281000000000000000e+04 1.772000000000000000e+03 8.094000000000000000e+03
-1.283000000000000000e+04 1.870000000000000000e+03 6.863000000000000000e+03
-1.278900000000000000e+04 1.848000000000000000e+03 7.340000000000000000e+03
-1.194200000000000000e+04 2.047000000000000000e+03 5.631000000000000000e+03
-1.191600000000000000e+04 2.142000000000000000e+03 5.479000000000000000e+03
-1.184500000000000000e+04 1.987000000000000000e+03 5.409000000000000000e+03
-1.301000000000000000e+04 1.852000000000000000e+03 6.471000000000000000e+03
-1.247900000000000000e+04 1.670000000000000000e+03 5.327000000000000000e+03
-1.262300000000000000e+04 1.877000000000000000e+03 6.772000000000000000e+03
-1.292800000000000000e+04 1.794000000000000000e+03 6.559000000000000000e+03
-1.287700000000000000e+04 1.768000000000000000e+03 6.820000000000000000e+03
-1.150100000000000000e+04 2.374000000000000000e+03 5.529000000000000000e+03
-1.268200000000000000e+04 2.006000000000000000e+03 6.815000000000000000e+03
-1.377500000000000000e+04 1.059000000000000000e+03 6.636000000000000000e+03
-1.301800000000000000e+04 2.042000000000000000e+03 5.854000000000000000e+03
-1.293500000000000000e+04 2.425000000000000000e+03 5.869000000000000000e+03
-1.202800000000000000e+04 2.749000000000000000e+03 5.418000000000000000e+03
-1.199300000000000000e+04 2.825000000000000000e+03 5.378000000000000000e+03
-1.272800000000000000e+04 2.440000000000000000e+03 6.308000000000000000e+03
-1.133700000000000000e+04 2.768000000000000000e+03 5.742000000000000000e+03
-1.283700000000000000e+04 2.435000000000000000e+03 6.586000000000000000e+03
-1.386600000000000000e+04 1.279000000000000000e+03 6.679000000000000000e+03
-1.148100000000000000e+04 2.722000000000000000e+03 5.572000000000000000e+03
-1.302700000000000000e+04 2.558000000000000000e+03 6.571000000000000000e+03
-1.307500000000000000e+04 1.987000000000000000e+03 9.485000000000000000e+03
-1.344000000000000000e+04 2.311000000000000000e+03 6.917000000000000000e+03
