-1.395800000000000000e+04 1.231000000000000000e+03 6.864000000000000000e+03
-1.320400000000000000e+04 1.771000000000000000e+03 6.105000000000000000e+03
-1.030300000000000000e+04 1.531000000000000000e+03 7.262000000000000000e+03
-1.032300000000000000e+04 1.503000000000000000e+03 7.409000000000000000e+03
-1.039100000000000000e+04 1.594000000000000000e+03 7.377000000000000000e+03
-1.394000000000000000e+04 1.287000000000000000e+03 6.798000000000000000e+03
-1.044000000000000000e+04 1.624000000000000000e+03 7.486000000000000000e+03
-1.046100000000000000e+04 1.832000000000000000e+03 7.232000000000000000e+03
-1.321100000000000000e+04 1.775000000000000000e+03 6.146000000000000000e+03
-1.075300000000000000e+04 1.867000000000000000e+03 7.093000000000000000e+03
-1.095400000000000000e+04 1.880000000000000000e+03 6.776000000000000000e+03
-1.089500000000000000e+04 1.711000000000000000e+03 8.061000000000000000e+03
-1.313500000000000000e+04 2.086000000000000000e+03 7.340000000000000000e+03
-1.116600000000000000e+04 1.699000000000000000e+03 7.056000000000000000e+03
-1.439500000000000000e+04 7.800000000000000000e+02 7.198000000000000000e+03
-1.415600000000000000e+04 5.440000000000000000e+02 6.948000000000000000e+03
-1.417300000000000000e+04 4.590000000000000000e+02 7.293000000000000000e+03
-1.090200000000000000e+04 1.621000000000000000e+03 7.135000000000000000e+03
-1.093100000000000000e+04 1.527000000000000000e+03 7.168000000000000000e+03
