 x(m) y(m) z(m) time(s) chi2
       -3486.377997603215        1705.959322720471        8966.021035035625        72986.66373399900       0.2599999904632568
       -3202.703988826464        1736.852215127365        9187.960907723200        72986.66425006000        1.769999980926514
       -3303.544829668221        1858.889340705959        9062.974716386230        72986.66439182599       0.6499999761581421
       -3283.758366916859        2011.871618433032        9125.038985310877        72986.66462329500        1.519999980926514
       -3258.335365419829        1977.102277101718        9080.962293450273        72986.66472820700       0.3300000131130219
       -3180.746450336038        2119.948421271947        9297.955423086834        72986.66481395000        4.460000038146973
       -2983.890429146647        1913.958621895590        9360.015996516842        72986.66580733500       0.3700000047683716
       -2650.717207350420        1924.052473968761        9434.959565262061        72986.66674222201       0.7699999809265137
       -3012.626416449886        2227.044914606808        9131.000242450720        72986.66722326400        1.360000014305115
       -2633.769856286315        1987.198155623066        9466.047756475828        72986.66763090101       0.3600000143051147
       -2782.672719995303        1738.836749170834        9181.956763567057        72986.66777909100       0.8999999761581421
       -2780.590532236785        1624.849727426672        9186.987791271373        72986.66795203900       0.8899999856948853
       -2761.533982388929        1643.070672848413        9207.991374914061        72986.66805476800       0.5299999713897705
       -2721.409120969383        1744.002800496262        9542.981764773112        72986.66833693000       0.9200000166893005
       -2726.279999212487        1610.875632381021        9287.014743370270        72986.66860440200       0.4300000071525574
       -2828.582637463966        1701.144967880390        9212.047394712437        72986.66901884100       0.5699999928474426
       -2705.750029772134        1654.912518387575        9181.012152838422        72986.66908015600        1.559999942779541
       -2470.728568139034        1626.912567605568        9304.014910382644        72986.66974772900       0.3899999856948853
       -2468.625222596051        1629.040768772354        9343.015182607434        72986.66988313101       0.1000000014901161
       -2550.427763299221        1971.884810652549        9352.985703740782        72986.67018320100       0.1400000005960464
       -2368.393711436987        1678.189712258751        9414.040331844521        72986.67038563600       0.6499999761581421
       -2503.816069486081        2085.871389082977        9377.967793594407        72986.67146421999       0.3000000119209290
       -2468.551843268663        2037.145823329384        9427.997293219403        72986.67161722000        1.470000028610229
       -2360.591665576654        1907.883308908267        9469.978515819812        72986.67259065001        1.490000009536743
       -2333.781503091162        1887.968600626365        9499.994298835283        72986.67340717700        4.989999771118164
       -2280.824210075055        1890.065948396471        9471.012782156829        72986.67364423200      0.05000000074505806
       -2465.016638170724        1737.909559671076        9211.987764224203        72986.67380978201        1.629999995231628
       -2096.529826015392        2157.013640788056        9523.991000226264        72986.67518751000        1.289999961853027
       -2047.860105082131        2129.917251970317        9630.015908915875        72986.67530888401        1.429999947547913
       -1985.810336324969        2110.060823863484        9854.042116340344        72986.67544478799       0.9900000095367432
       -2055.629583310717        2143.910953382364        9652.008720272208        72986.67572676300       0.6600000262260437
       -1871.394827743061        1858.208772293052        9521.954905810189        72986.67742739600        1.740000009536743
       -1995.587062062380        2354.100730048472        9675.953474977374        72986.67774605899       0.4499999880790710
       -1920.691282944470        2400.205580868381        9485.959168901443        72986.67793942201        1.409999966621399
       -1820.457550294295        2471.829184902351        9554.961086572814        72986.67807521101       0.3199999928474426
       -1630.646632625546        2395.191005048779        9818.041636258000        72986.67819127900        1.000000000000000
       -1815.624413639067        1903.126692465601        9552.957715106219        72986.67847182300       0.5699999928474426
       -1989.940277020500        2326.971819211600        9659.965208643400        72986.67871106201       0.7500000000000000
       -1958.827165261961        2362.932674223568        9514.961550045829        72986.67894463100       0.6899999976158142
       -1985.636537241457        2418.023269533365        9502.032198419309        72986.67906228499        1.919999957084656
       -1676.560682391362        2354.967557281913        9895.044779964461        72986.67919686199        4.969999790191650
       -1764.791983687035        1881.920576266339        9525.978249607328        72986.67945982701        3.339999914169312
       -1817.709755933333        1925.980766406479        9453.950239667951        72986.67984656300        1.990000009536743
       -1629.939751489962        2312.954387521231        9758.971638730798        72986.68009348599        1.899999976158142
       -1677.945665400972        2332.039667897188        9776.952260144391        72986.68089857799        2.089999914169312
       -1478.871390770433        2572.789029563313        9955.009246022049        72986.68130622900        1.529999971389771
       -1437.916032110374        2618.970960291912        9940.999751053219        72986.68150656800        1.600000023841858
       -1445.688845749837        2577.865846682229        9946.014778821018        72986.68176688800       0.8000000119209290
       -1473.923237276023        2633.820556635215        9967.985429087274        72986.68189301201        1.870000004768372
       -1422.449766133983        2672.080103782621        10266.98117385183        72986.68255806599       0.3899999856948853
       -1220.461667805720        2665.097537514823        9853.025795250904        72986.68272656400       0.8100000023841858
       -1423.738202288855        3032.177899032510        9955.019697312624        72986.68326338701       0.1599999964237213
       -1277.669499543495        2615.987609518063        9956.035004362677        72986.68393370700       0.9100000262260437
       -1142.806614971270        2657.875897360192        9835.043162388531        72986.68435338700        1.029999971389771
       -1158.335468995391        2635.830758710007        9811.049532940715        72986.68445818999       0.3100000023841858
       -1083.534146300796        2582.899447530423        9936.983770172763        72986.68460735900        1.679999947547913
       -1162.600777022081        2617.246630037675        9961.955856788007        72986.68489855000       0.3400000035762787
       -1305.869846963149        3119.116036669944        10111.00286790146        72986.68526555299        1.559999942779541
       -1242.322907343618        2693.029140373451        9755.009818767281        72986.68539928700        1.639999985694885
       -1124.451985077090        2609.123458577350        9799.965997342200        72986.68564418799        1.940000057220459
       -940.8921550780024        2712.910592003401        9750.952246426936        72986.68606570399        1.820000052452087
       -952.9415273471169        2663.875824515234        10044.97120162799        72986.68618453600       0.5400000214576721
       -1312.928371860412        3077.144477760519        10079.02184609278        72986.68634271099        3.769999980926514
       -953.6230468648271        2662.111671991270        9879.971821808425        72986.68661285800       0.9499999880790710
       -858.3237950687188        2613.783591904295        9864.005350473650        72986.68667222399       0.9599999785423279
       -975.5306825245550        2711.777822091388        10068.04815703375        72986.68688257301        3.769999980926514
       -1270.497617815852        3093.065019942993        9712.022650040302        72986.68696957501       0.5199999809265137
       -854.8137344247925        2858.875248775165        10176.00107924229        72986.68732832000        2.900000095367432
       -766.5710076749081        2707.952850879935        10087.97766387499        72986.68738087300        1.779999971389771
       -488.4249571017067        2760.930275760838        10133.98220353175        72986.68872746300        1.830000042915344
       -1257.853249864546        3207.257239014608        10101.96869167450        72986.68898016401        1.539999961853027
       -478.5456895728736        2710.081509222775        10155.00480410361        72986.68916751500        1.529999971389771
       -1352.461343351242        3214.088598605475        10176.04555768031        72986.68952794300       0.5199999809265137
       -666.3453175620068        2747.878102299885        10307.97180446839        72986.69004822000        1.690000057220459
       -392.4087674991464        2721.034668815976        10010.00598356742        72986.69032615599        4.949999809265137
       -324.6634354985321        2655.110478377080        10469.03766182727        72986.69058605599        2.500000000000000
       -1452.688612392026        3269.185261616526        10148.99551340705        72986.69191451999       0.1599999964237213
       -1445.625945984370        3239.923385334275        10114.01206940533        72986.69209867500       0.3600000143051147
       -361.3778261194602        2608.917735724826        10477.95518278936        72986.69224309101      0.02999999932944775
       -1347.493665170795        3203.850395159282        10044.95213869273        72986.69235440300        3.019999980926514
       -1431.586555604518        2682.178976599887        10090.97486783465        72986.69253196100       0.3899999856948853
       -1394.830837779274        3181.057747305395        10216.95344562882        72986.69291173700       0.9599999785423279
       -1409.598052269657        3327.191790989379        10054.97508650276        72986.69371624500       0.6499999761581421
       -1301.629451454845        3100.874141879951        10075.01263985381        72986.69431098500       0.1899999976158142
       -1189.349048513082        3088.041395143373        9861.040717456790        72986.69450790700       0.3000000119209290
       -1415.952348374669        3355.176527111855        10078.95899755962        72986.69466978700       0.1700000017881393
       -1339.723917148233        3481.955395687272        10210.00696694797        72986.69629120200        3.519999980926514
       -1125.801617859875        3586.127080796807        10104.99035222523        72986.69904173700        2.349999904632568
       -1158.932663507257        3516.884517397250        9805.023015744840        72986.69945770700        1.950000047683716
       -1244.380712567588        3564.064094242423        10033.98075640719        72986.69978443200        1.980000019073486
       -1240.874841770001        3553.108363417583        10147.98758236886        72986.69989837000        3.319999933242798
       -1225.301325374771        3533.901029502387        9907.001235885577        72986.70010667499        1.799999952316284
       -1311.453793332969        3467.023133760770        10036.02094781191        72986.70025225800       0.9300000071525574
       -1141.328181035797        3553.897707385561        10066.00566879083        72986.70040957000        1.220000028610229
       -1101.841976580718        3490.861650765557        10277.04751066316        72986.70113833201       0.5799999833106995
       -120.6264918956422        2825.060681845213        10464.97161210363        72986.70162323200        1.759999990463257
       -1176.688603664186        3554.101895173221        10423.99920793386        72986.70176668200        1.129999995231628
       -1054.493171386774        3525.871040925244        9984.036149317153        72986.70258735500       0.3899999856948853
       -943.6484538200821        3563.936469126425        9868.032248465312        72986.70294631000       0.2500000000000000
       -69.79331930512420        2863.136697486157        10312.95534207769        72986.70301943000        1.720000028610229
       -233.5894903855420        2694.963698675542        10506.02489312736        72986.70312516901       0.8500000238418579
       -63.44015744944854        2800.841418123884        10327.98312385717        72986.70327110100        2.349999904632568
        177.2985172859544        2810.183302218832        10364.97686725346        72986.70388127600       0.6499999761581421
       -995.9164463352951        3569.150678480383        10088.02143745336        72986.70436266800        1.679999947547913
        142.7064868247064        2925.942738373435        10486.02617642738        72986.70531167000        1.740000009536743
       -947.8882135613133        3611.861231600024        9931.004618479918        72986.70546920699       0.1800000071525574
       -984.6049917101809        3549.160850819366        9963.034345154356        72986.70601510600       0.3700000047683716
        318.4872872958734        2941.971809354778        10311.01243172963        72986.70792814900       0.2800000011920929
        267.6579938390227        2978.855383803157        10337.99761107579        72986.70827775000       0.4499999880790710
        173.0641190288366        2925.100630873480        10497.02581513521        72986.70864938200        1.970000028610229
       -924.5657293758886        3651.173397394465        9758.985574655708        72986.70883165300        1.750000000000000
       -967.6421190753273        3610.975922330016        9861.002150092718        72986.70898071201        1.259999990463257
       -920.3860177770910        3676.832325184290        10160.97147863746        72986.70967917700       0.7500000000000000
        291.6626691901345        2928.848570000178        10346.01976664292        72986.70999444400        1.929999947547913
       -759.4258074105182        3670.801082507804        10015.99607460639        72986.71070023099       0.3300000131130219
        319.1900285236557        2919.048763298579        10231.02294105078        72986.71089919700       0.1800000071525574
        361.5451655746540        2949.980090513686        10212.00642548742        72986.71142589299        1.809999942779541
        359.4378212609975        2869.938874404583        10345.04314800036        72986.71308874500        1.039999961853027
        462.4980947788649        2696.904852490376        10066.01157285072        72986.71335473600        1.340000033378601
       -3321.852528822370        1713.927207038044        8877.005888060767        72986.71783064499        3.710000038146973
       -2685.322861731398        1559.998159005073        9224.044741380443        72986.72685223501        1.370000004768372
       -2482.669539468241        1626.876080199853        9149.010277747133        72986.72778896400        1.419999957084656
